Verb,Unconditional MLE,Fisher's p,Verb frequency,Collostruction frequency,'Zijn' ratio
bekend,50.367100153,0.0,2139,2064,0.230481533427
kampen,47.691472071,3.23158572739e-62,163,157,0
vertrouwen,44.6433771365,4.55051801172e-20,51,49,0.980392156863
noodzaken,44.1035444701,8.5450189939e-48,126,121,0.84126984127
benodigd,43.0097761104,1.69973914877e-46,123,118,0.975609756098
bevriend,33.3253368758,1.42796583182e-48,135,128,0.814814814815
verplichten,30.9992516737,9.97510680487e-144,414,391,0.727053140097
gebruikmaken,23.4298623668,1.77089988022e-32,97,90,0.0824742268041
zien,22.7032934011,0.0,3930,3636,0.998218829517
zeggen,21.867041067,7.08094485569e-26,78,72,0.115384615385
danken,19.3688750687,4.38811186493e-194,639,584,0.303599374022
bezet,19.3619055798,1.63697836904e-29,93,85,0.967741935484
beperkt,16.1154813952,2.48995912467e-54,187,168,0.593582887701
vinden,15.9230868275,0.0,2000,1794,0.9985
verschuldigd,15.6717033739,2.71276342342e-28,96,86,0.989583333333
overtuigen,14.654430033,6.11937764973e-63,226,201,0.79203539823
gewennen,12.1492745918,5.75423705791e-36,138,120,0.905797101449
bezichtigen,10.8619552252,1.57676749714e-42,174,149,0.98275862069
wensen,10.0810135771,9.08181558502e-49,209,177,0.775119617225
herkennen,9.80790604847,4.051934261e-61,268,226,1.0
geschikt,9.5315172708,3.26693890266e-19,81,68,0.555555555556
verlammen,8.94512035035,3.819538525e-15,65,54,0.692307692308
kleuren,8.86074456163,4.48158567518e-37,170,141,0.829411764706
rechtvaardigen,8.74624524953,1.74544276047e-13,58,48,0.758620689655
interesseren,8.66768295131,7.01855156696e-55,259,214,0.969111969112
verouderen,8.50360022464,8.30902459368e-19,85,70,1.0
moeien,8.44811188531,4.90776219821e-14,62,51,1.0
relateren,7.97392770407,9.19025511981e-52,258,210,0.903100775194
geïnteresseerd,7.42872459781,1.05244048436e-13,66,53,1.0
liëren,7.02854478,1.64739180732e-19,102,81,0.990196078431
overdekken,6.71329470433,1.06366793278e-16,89,70,0.719101123596
vergroeien,6.57136690934,5.23924877764e-27,152,119,1.0
storen,6.50758077131,4.33660497096e-12,64,50,0.203125
merken,6.31670293307,2.33457237416e-12,67,52,0.626865671642
bescheren,6.16711750382,1.62010448952e-10,57,44,1.0
besmetten,5.97357219505,3.93916815281e-37,231,177,0.744588744589
achterhalen,5.70417864828,1.26775775528e-15,95,72,0.736842105263
pogen,5.68072687312,9.34590658561e-12,70,53,0.0285714285714
vereisen,5.63072232605,1.20872417902e-41,274,207,0.850364963504
begroeien,5.60641973061,5.81715413303e-09,53,40,0.962264150943
beluisteren,5.60155771033,1.56793950501e-17,110,83,0.772727272727
bewonderen,5.53405654175,3.20510004054e-17,109,82,0.669724770642
huwen,5.42492683556,3.10840280954e-49,338,253,0.94674556213
wijten,5.38936114088,3.33207302946e-40,277,207,0.649819494585
lijden,5.35543257121,1.84420971804e-28,193,144,0.0259067357513
bestemmen,5.12773378386,4.22790723426e-72,530,391,0.907547169811
beoefenen,4.86177575,5.92839944882e-181,1433,1042,0.00209351011863
trouwen,4.83599847444,4.21683104371e-167,1329,965,0.987208427389
verweven,4.77218795684,1.07006945921e-10,76,55,0.842105263158
oriënteren,4.76558815293,3.93764642792e-13,94,68,0.957446808511
isoleren,4.69935829826,7.2844538084e-18,136,98,0.544117647059
horen,4.37574166556,1.04581831278e-154,1380,974,0.626086956522
verlichten,4.36210923058,8.2489852631e-14,112,79,0.410714285714
verzwakken,4.33854367416,2.79203115159e-17,142,100,0.711267605634
vermissen,4.33540259048,2.91467691218e-12,98,69,0.397959183673
vervormen,4.31544538158,1.97994742319e-08,64,45,0.359375
dwingen,4.27992419189,5.27138903441e-86,780,547,0.261538461538
buigen,4.27062988587,5.82577261997e-13,107,75,0.710280373832
binden,4.20800108225,1.34203067356e-58,536,374,0.80223880597
herleiden,4.1908776381,4.96685316037e-12,99,69,0.656565656566
verboden,4.06907865997,1.90972234619e-96,934,645,0.44539614561
dateren,4.04526974638,7.4880224764e-18,161,111,0.465838509317
bedoeld,4.03796696786,2.53582505696e-216,2143,1476,0.694353709753
opgewassen,4.0237706966,2.93495300924e-09,77,53,1.0
pesten,3.99688990812,2.32543676635e-11,99,68,0.0808080808081
belasten,3.97153390764,1.72789950072e-52,515,353,0.557281553398
dirigeren,3.96564692906,1.02948788821e-06,54,37,0.037037037037
mixen,3.96564692906,1.02948788821e-06,54,37,0.462962962963
kleden,3.91743691686,1.84905843339e-07,63,43,0.857142857143
verwarren,3.84669668616,5.47266091765e-12,112,76,0.196428571429
linken,3.84655654933,9.27309921014e-07,56,38,0.446428571429
verdenken,3.82724388579,2.09884300443e-42,434,294,0.0506912442396
bevriezen,3.76565650488,5.38837954835e-10,92,62,0.804347826087
groeperen,3.74833647323,3.57805171549e-11,107,72,0.831775700935
bewapenen,3.74000190512,1.25607814851e-06,58,39,0.810344827586
optimaliseren,3.64408971955,4.82197946878e-06,54,36,0.740740740741
bewonen,3.61723338545,3.69471409336e-68,767,510,0.308996088657
beschermen,3.58535165038,3.89875791077e-48,543,360,0.366482504604
verbond,3.57575473546,1.38505416971e-236,2773,1836,0.847097006852
legeren,3.55358211052,1.33536817371e-31,354,234,0.878531073446
hinderen,3.55310995668,2.34811279999e-11,118,78,0.0423728813559
munten,3.51848413208,1.73860533837e-08,85,56,0.0235294117647
vervuilen,3.46188184334,5.64304057317e-06,58,38,0.620689655172
ontsluiten,3.39563008672,2.06901335932e-06,63,41,0.555555555556
refereren,3.38382695269,1.0839472599e-07,80,52,0
vrezen,3.37754085934,9.76381025673e-11,117,76,0.136752136752
downloaden,3.36385467814,4.0521956518e-10,111,72,0.621621621622
vullen,3.35878346705,1.6349243952e-39,489,317,0.638036809816
bemannen,3.31280234741,3.64896631389e-06,62,40,0.306451612903
begrijpen,3.31134074073,1.50959815524e-21,262,169,0.282442748092
verspelen,3.26713427443,1.57920413808e-07,81,52,0.0493827160494
bedriegen,3.23927260895,1.08584290346e-10,125,80,0.16
bedekken,3.23526686197,7.68821453265e-38,494,316,0.698380566802
plagen,3.23268353125,9.47720502737e-08,86,55,0.0116279069767
trachten,3.22367218757,2.07528746938e-09,108,69,0.0740740740741
voeden,3.21560975207,1.46782655634e-18,235,150,0.0297872340426
straffen,3.20846273876,9.35056469575e-11,127,81,0.157480314961
richten,3.20667786215,4.18585654231e-102,1396,890,0.906160458453
garanderen,3.20429752083,4.27702551346e-07,80,51,0.4
kenmerken,3.18579179665,1.12448980975e-50,687,437,0.0262008733624
vertegenwoordigen,3.15139071254,2.35267456626e-36,494,313,0.647773279352
omringen,3.14589019953,6.8536167058e-22,289,183,0.39446366782
documenteren,3.11264378333,6.52365014237e-06,65,41,0.661538461538
vertragen,3.10821200585,8.2418588917e-08,92,58,0.326086956522
vergeten,3.09462749434,6.67186611408e-23,313,197,0.776357827476
coderen,3.08953278684,1.32542601887e-05,62,39,0.387096774194
nummeren,3.08737546442,4.95889465151e-08,97,61,0.587628865979
bemoeilijken,3.01030718848,2.24563995456e-05,61,38,0.0491803278689
betreuren,3.00633707493,7.79043253343e-05,53,33,0.584905660377
inspireren,3.0043598019,2.31922154818e-33,490,305,0.736734693878
infecteren,3.00101870416,3.55471115808e-07,90,56,0.644444444444
streven,2.96079410718,2.82930692484e-05,63,39,0.031746031746
slagen,2.95661395329,1.36746383133e-26,396,245,1.0
verhinderen,2.95467326815,1.72164706348e-07,97,60,0.371134020619
beschilderen,2.93108194856,3.81352835463e-05,60,37,0.633333333333
verankeren,2.92826541918,6.50684774605e-06,73,45,0.739726027397
mengen,2.91531788139,3.44994958646e-10,143,88,0.335664335664
herenigen,2.86323465678,5.93940682592e-09,126,77,0.206349206349
bevallen,2.86318637794,1.07323257775e-05,72,44,1.0
verwikkelen,2.84023057052,1.53087501982e-06,87,53,0.988505747126
begrenzen,2.81187627856,2.65000971304e-13,206,125,0.21359223301
gevangennemen,2.80173882023,5.91649178179e-15,236,143,0.275423728814
lukken,2.79497925117,1.48928296247e-18,299,181,1.0
implementeren,2.78998075361,6.33537280313e-06,81,49,0.432098765432
bestraffen,2.73301866455,0.000320195667944,55,33,0.0909090909091
beschadigen,2.72507703445,2.60420575669e-31,549,329,0.508196721311
trainen,2.69212082986,4.66475052634e-16,275,164,0.36
spreken,2.67669187613,1.21582290925e-161,3090,1838,0.0116504854369
reduceren,2.63496210321,1.85986701672e-09,159,94,0.358490566038
overdreven,2.61418457309,0.000389851514852,56,33,0.428571428571
koppelen,2.57730068764,1.53490030394e-27,536,314,0.634328358209
vermoeden,2.55629244654,4.11625327288e-09,161,94,0.0248447204969
lokaliseren,2.55080790306,0.000361571059503,60,35,0.8
verzekeren,2.53782393293,9.6441664631e-08,134,78,0.582089552239
subsidiëren,2.53496112524,0.000624473558266,55,32,0.0363636363636
genezen,2.53411446358,3.01344842762e-11,208,121,0.783653846154
liggen,2.52263399455,1.57089735903e-120,2589,1503,0.860563924295
leven,2.51418464106,3.13055304626e-24,495,287,0.010101010101
concentreren,2.51033404644,2.33810561681e-06,107,62,0.616822429907
bedienen,2.51014057065,3.49634644708e-17,340,197,0.0911764705882
gelijkstellen,2.49682010489,0.000334043248256,64,37,0.21875
specialiseren,2.49017227284,1.09066573646e-94,2080,1201,0.878365384615
herinneren,2.46506674626,8.74090560322e-05,80,46,0.0125
stationeren,2.42939848492,1.92780634362e-14,301,172,0.827242524917
scheiden,2.42689531058,4.7906722604e-46,1047,598,0.500477554919
pakken,2.41614039501,6.32743535739e-06,107,61,0.177570093458
positioneren,2.40764133342,0.000615663214474,65,37,0.661538461538
confronteren,2.40460926779,7.99518714401e-16,341,194,0.0263929618768
kraken,2.38744559558,0.000467204095931,67,38,0.34328358209
baseren,2.38217273023,3.23213325867e-99,2411,1366,0.950642886769
verwaarlozen,2.35788629818,4.14140079204e-06,117,66,0.418803418803
bevolken,2.3334409212,2.04453702023e-06,130,73,0.215384615385
vervalsen,2.29435966337,0.00123091127089,61,34,0.573770491803
omgeven,2.28950170839,2.54763896302e-14,343,191,0.539358600583
lezen,2.28148659013,1.09779030028e-20,518,288,0.283783783784
voorbestemmen,2.27748963436,0.000264210624744,81,45,0.913580246914
overspoelen,2.2774882562,0.001366547101,63,35,0.174603174603
bekroond,2.26890478592,3.90730985591e-10,238,132,0.117647058824
betrekken,2.26201242075,9.16905101e-28,724,401,0.657458563536
veronderstellen,2.25851569801,3.07294008259e-09,215,119,0.0744186046512
handhaven,2.24841335508,3.71053896201e-05,105,58,0.266666666667
verhuren,2.23788047485,1.18372524908e-08,205,113,0.160975609756
verenigen,2.23682669679,4.38145289954e-19,499,275,0.390781563126
verbruiken,2.23340455647,0.000952646979265,69,38,0.260869565217
vergelijken,2.22414162183,1.0610686068e-18,493,271,0.442190669371
inburgeren,2.20156633563,0.00575424497512,53,29,1.0
bieden,2.19994354535,1.69841261133e-15,415,227,0.113253012048
vergissen,2.18638204861,0.0044054111091,55,30,0.0363636363636
associëren,2.18636276922,1.38143498821e-20,572,312,0.195804195804
martelen,2.1784576746,0.000101894204904,101,55,0.257425742574
dansen,2.17749202606,0.000244130628741,90,49,0.0555555555556
schakelen,2.17236571501,0.00351247109415,57,31,0.385964912281
kruisigen,2.17236571501,0.00351247109415,57,31,0.385964912281
vrijstellen,2.16360471062,0.00157901941798,70,38,0.628571428571
combineren,2.1614635712,7.50523203321e-13,352,191,0.198863636364
elektrificeren,2.1473363566,0.00304684184072,61,33,0.55737704918
toewijden,2.13431970589,0.00108506970615,76,41,0.802631578947
organiseren,2.13415681037,5.24161610713e-105,3355,1810,0.0655737704918
waarderen,2.12846427838,1.21706188011e-08,232,125,0.0344827586207
versterken,2.11345726772,4.68279605825e-13,378,203,0.169312169312
verraden,2.10061784117,5.9091243708e-07,183,98,0.229508196721
evolueren,2.09923153505,0.000302858227226,99,53,1.0
berijden,2.09803515847,0.001845602108,71,38,0.140845070423
verslag,2.08485463286,8.39233705578e-20,624,333,0.217948717949
onthouden,2.08226084839,0.00638731413419,60,32,0.483333333333
smelten,2.082258418,0.00159229866527,75,40,0.653333333333
verzinnen,2.07423801302,2.50249618219e-05,139,74,0.482014388489
verdedigen,2.07172905336,3.61304996136e-09,265,141,0.2
bespelen,2.06817297796,5.77524542947e-06,158,84,0.0759493670886
programmeren,2.06490665169,0.00389524609139,64,34,0.421875
laden,2.06054672342,1.50975924557e-06,179,95,0.335195530726
overstromen,2.05706918616,0.00425582034373,66,35,0.272727272727
activeren,2.05621353319,1.49505906389e-05,149,79,0.214765100671
naderen,2.04972490287,0.0121514540711,51,27,0.921568627451
plannen,2.04241261203,9.13089382186e-11,333,176,0.642642642643
beledigen,2.02441668226,0.00825808937968,57,30,0.140350877193
beogen,2.01718563457,0.00906116623609,59,31,0.135593220339
teisteren,2.01717165205,0.000155086532174,118,62,0.0593220338983
blokkeren,2.01042337121,2.85109128851e-06,183,96,0.27868852459
bevruchten,1.99829126121,0.00608677625999,65,34,0.292307692308
verbreden,1.99829126121,0.00608677625999,65,34,0.307692307692
coveren,1.99829126121,0.00608677625999,65,34,0.184615384615
vorderen,1.99384307242,0.000317658775746,111,58,0.72972972973
bundelen,1.99384307242,0.000317658775746,111,58,0.351351351351
verwarmen,1.98759083297,0.000274526259272,115,60,0.0869565217391
verbergen,1.98485841275,4.73775277688e-08,257,134,0.560311284047
fuseren,1.98039366996,0.00087878339959,96,50,0.96875
domineren,1.97972268349,3.56002034793e-08,265,138,0.011320754717
versieren,1.97374756736,9.44201810875e-08,250,130,0.768
vermijden,1.97069088604,0.000827585599973,102,53,0.0980392156863
kennen,1.96469954238,2.7379386965e-17,636,330,0.245283018868
karakteriseren,1.95861066685,0.0026350904158,83,43,0.0722891566265
strijden,1.94695857811,1.64818728777e-06,211,109,0.0710900473934
misbruiken,1.94673275472,5.46938285678e-05,151,78,0.205298013245
ordenen,1.94343276349,0.011011198279,62,32,0.725806451613
liegen,1.94142083736,0.000248335764965,126,65,0.0952380952381
verwachten,1.94121818909,1.31670576966e-19,756,390,0.169312169312
verdeeld,1.93163081312,3.47263737634e-27,1092,562,0.498168498168
betrappen,1.93097338247,1.62217883259e-09,344,177,0.31976744186
delen,1.92905706478,8.05977893379e-09,315,162,0.0888888888889
bedreigen,1.92901017725,4.2772572978e-12,455,234,0.114285714286
sponsoren,1.92706535494,0.000785781290089,107,55,0.0280373831776
waarborgen,1.92318301938,0.00508286197019,74,38,0.432432432432
vermengen,1.91154850047,0.000344162752229,125,64,0.304
manipuleren,1.90669878021,0.00255202938619,88,45,0.352272727273
verfilmen,1.90569226372,2.01330344203e-05,178,91,0.280898876404
onderscheiden,1.90316571514,6.97048612723e-15,595,304,0.519327731092
verteren,1.88944702345,0.0231216969007,55,28,0.2
nomineren,1.88314140391,1.06080221828e-10,423,215,0.243498817967
belonen,1.88167629874,0.000477485390569,124,63,0.0645161290323
geboren,1.87474182197,1.1649509189e-62,2882,1462,0.484038861901
begeleiden,1.87158911383,3.30950671583e-06,223,113,0.00896860986547
uitverkopen,1.86335958947,0.00376554332324,89,45,0.921348314607
verwisselen,1.85447554464,0.00111424351382,113,57,0.265486725664
dopen,1.85225264988,2.13002110914e-06,242,122,0.309917355372
beïnvloeden,1.85163901554,4.11218446868e-19,857,432,0.365227537923
vervolgen,1.84969295685,8.24366937934e-07,264,133,0.0833333333333
verstoren,1.84088334671,3.03274213874e-05,193,97,0.170984455959
vernoemen,1.83810557558,1.48317511882e-23,1103,554,0.757932910245
verdwijnen,1.82428543778,2.02023402813e-26,1273,637,0.999214454046
bepaald,1.82196354449,0.0411443840522,52,26,0.134615384615
vellen,1.82196265196,0.0320263750297,54,27,0.444444444444
gijzelen,1.82195908177,0.0231173611482,62,31,0.177419354839
stoken,1.82195908177,0.0231173611482,62,31,0.0483870967742
flankeren,1.82195640403,0.0154775460259,68,34,0.0294117647059
remmen,1.82195640403,0.0154775460259,68,34,0.0735294117647
drogen,1.82195551144,0.0124233679909,70,35,0.385714285714
bijten,1.82195194096,0.00892940041068,78,39,0.24358974359
uitputten,1.82194301414,0.00408743692572,98,49,0.795918367347
bellen,1.82193319361,0.00111638120236,120,60,0.141666666667
verhitten,1.79389499879,0.00118065336419,129,64,0.062015503876
ontbinden,1.79093806036,6.83043247957e-08,351,174,0.19943019943
wijden,1.78715459822,9.43270555444e-19,945,468,0.756613756614
vormen,1.78534144035,3.48681114019e-53,2866,1419,0.181437543615
beslechten,1.78398270704,0.00515624459217,95,47,0.147368421053
omsingelen,1.78145485376,0.00751380511908,89,44,0.438202247191
drinken,1.77632056072,1.22238383162e-05,237,117,0.0379746835443
noteren,1.77458743977,0.000473506536956,152,75,0.335526315789
vergiftigen,1.76048274445,0.000252958409852,175,86,0.474285714286
betwisten,1.76016564611,0.00253456417924,116,57,0.0862068965517
situeren,1.76010677419,1.90621917046e-05,232,114,0.866379310345
kappen,1.74272277873,0.0107979451935,90,44,0.3
bakken,1.74153514201,0.00146895435678,133,65,0.187969924812
runnen,1.73084566639,0.0174940797453,78,38,0
verwijzen,1.73008675169,7.86056974493e-06,271,132,0.029520295203
belichten,1.72603279789,0.00520147333687,111,54,0.0900900900901
kijken,1.72061267551,8.05881462534e-06,280,136,0.0785714285714
prijzen,1.71149248198,0.00295004548328,128,62,0.03125
definiëren,1.70175610869,1.36804540234e-08,470,227,0.621276595745
telen,1.70043924746,0.001683631308,145,70,0.048275862069
proberen,1.69638175843,9.74566369897e-08,421,203,0.0855106888361
dekken,1.69626894366,0.00557336709663,112,54,0.383928571429
controleren,1.69169047953,1.85908305266e-05,270,130,0.144444444444
bezeten,1.68529328454,0.0234820210452,77,37,0.454545454545
verkrachten,1.68351999389,0.00161719572219,152,73,0.263157894737
waarschuwen,1.68351999389,0.00161719572219,152,73,0.210526315789
gebruiken,1.67882811639,3.90529826639e-243,17406,8374,0.0613581523613
herhalen,1.67103750263,2.41656537954e-05,278,133,0.0575539568345
dempen,1.66751403365,0.00767973665372,113,54,0.300884955752
bekijken,1.66565693478,3.97844872282e-05,268,128,0.287313432836
jagen,1.65924507416,0.0111303718642,107,51,0.11214953271
verstoten,1.65631357693,0.0482226940473,63,30,0.380952380952
bekomen,1.65113840595,0.0600317537384,61,29,0.327868852459
sterven,1.65091288825,1.03671365862e-14,978,465,1.0
bewerken,1.64091488028,6.90856841861e-05,268,127,0.373134328358
stranden,1.63975285123,0.0711655274983,57,27,1.0
afvaardigen,1.63974110876,0.0406415577944,76,36,0.144736842105
verstoppen,1.63595416202,0.000936525848849,186,88,0.39247311828
adopteren,1.63340247499,0.0019082704434,165,78,0.381818181818
tellen,1.63121176872,0.00233452852129,163,77,0.325153374233
stemmen,1.63004078107,0.000126074859134,252,119,0.246031746032
ontzet,1.62674053364,0.0846351936249,53,25,0.396226415094
verstrijken,1.62670717767,0.0144544653479,106,50,1.0
verspreid,1.62648698948,9.3902660271e-11,725,342,0.266206896552
huren,1.62569527903,0.00810245229725,123,58,0.170731707317
belegeren,1.62343180038,0.00108286184972,191,90,0.0523560209424
vestigen,1.61834189462,2.47319675091e-39,3055,1438,0.737806873977
stoppen,1.61319462601,2.40560428559e-09,643,302,0.622083981337
herkiezen,1.61283256542,0.0111675432625,115,54,0.182608695652
spelen,1.61264921836,1.49217781808e-62,5038,2368,0.202659785629
voorafgaan,1.60759404829,0.0666502249051,64,30,0.171875
redden,1.60590873717,1.01040709922e-08,604,283,0.198675496689
repareren,1.60503239022,0.0447372424332,79,37,0.518987341772
voltooien,1.59929332024,1.10666022693e-14,1110,519,0.474774774775
breken,1.59614915433,5.34065180568e-06,394,184,0.375634517766
verkorten,1.59419899335,0.0790238300413,60,28,0.2
lenen,1.59416942839,0.0187318320736,105,49,0.161904761905
bewaren,1.58902521415,5.49125131306e-11,822,383,0.194647201946
gedenken,1.57970634509,1.3799486526e-08,633,294,0.0331753554502
contracteren,1.5789989455,0.0398558510755,84,39,0.202380952381
snijden,1.57896144313,0.00787308301833,140,65,0.364285714286
vertalen,1.57827293179,1.59620570758e-08,629,292,0.348171701113
vermommen,1.57572594402,0.0599473758841,69,32,0.405797101449
claimen,1.57184597711,0.0315367461187,95,44,0.0631578947368
gevoelen,1.57060518234,0.0205787335597,108,50,0.0185185185185
accepteren,1.56900729931,6.97680770866e-05,322,149,0.139751552795
besluiten,1.56719531889,8.83146721976e-12,947,438,0.10348468849
verzorgen,1.56698268403,0.000314927115555,266,123,0.0601503759398
citeren,1.56684541685,0.0387425160594,93,43,0.0752688172043
integreren,1.56359140543,0.000813627526856,236,109,0.550847457627
sneuvelen,1.56347544777,0.000543609971197,249,115,1.0
verwonden,1.56164071565,0.0370847422951,91,42,0.241758241758
degraderen,1.56160515511,0.00860144711417,143,66,0.734265734266
schatten,1.56159626364,0.00717378857508,156,72,0.121794871795
slapen,1.55530219743,0.0556798497637,76,35,0.0131578947368
gefinancierd,1.55301292957,0.00105870334467,226,104,0.141592920354
tolereren,1.54588567934,0.107332481093,61,28,0.016393442623
fokken,1.54398050659,0.0272109243681,109,50,0.229357798165
stelen,1.54164130926,8.04205857604e-08,637,292,0.290423861852
dumpen,1.54163072187,0.0836486782037,72,33,0.180555555556
sparen,1.54161392759,0.0419893153026,96,44,0.125
loven,1.53206794083,0.0626405620453,81,37,0
reserveren,1.53143521599,0.0199983337875,127,58,0.771653543307
steunen,1.53033319523,1.10292594117e-06,541,247,0.0166358595194
verwijten,1.51828280955,0.123079308936,55,25,0.0545454545455
herkend,1.51548592684,0.0035454005498,207,94,0.0869565217391
regelen,1.51520184954,5.63115018005e-05,392,178,0.30612244898
brouwen,1.51500046054,0.00695256287666,174,79,0.051724137931
casten,1.51455412238,0.0136243383408,152,69,0.230263157895
markeren,1.5117991808,0.0705076378891,86,39,0.453488372093
besturen,1.50944895568,3.60560944885e-06,523,237,0.0152963671128
modelleren,1.50781263235,0.150956766719,53,24,0.735849056604
specificeren,1.50781263235,0.150956766719,53,24,0.301886792453
verstaan,1.50505833896,0.0677855248277,84,38,0.142857142857
kopiëren,1.50502775637,0.0251090521952,126,57,0.31746031746
falen,1.5003689632,0.030340966906,124,56,0.00806451612903
verdrinken,1.49334997565,0.0372223243416,111,50,0.873873873874
interneren,1.49067210519,0.137447584559,60,27,0.316666666667
stimuleren,1.49062776901,0.0352776695029,120,54,0
ontlenen,1.49050948049,0.00111747302248,280,126,0.667857142857
vragen,1.4864763688,3.28610918053e-11,1157,520,0.104580812446
missen,1.48625519877,0.0256726734655,138,62,0.0289855072464
beginnen,1.4808553077,3.0844941558e-16,1799,807,0.859922178988
beheren,1.48065047455,0.000204524054855,368,165,0.0054347826087
filmen,1.47384585394,0.016621035165,161,72,0.267080745342
sluiten,1.47255833579,7.0163979143e-14,1552,694,0.349226804124
weigeren,1.46962980412,0.000279844147424,374,167,0.104278074866
gespannen,1.46837555235,0.0367063619954,121,54,0.578512396694
dreigen,1.46766242939,0.152978364582,65,29,0
respecteren,1.46642115304,0.113750191059,74,33,0.027027027027
plunderen,1.46425422045,0.0103007037533,193,86,0.181347150259
bedrijven,1.46170876994,0.023016432232,155,69,0.0903225806452
regisseren,1.45739706104,0.00366345814193,252,112,0.190476190476
beheersen,1.45377231495,0.014928583714,178,79,0.0730337078652
belemmeren,1.44924690208,0.101013955208,79,35,0.0506329113924
presteren,1.44682482694,0.180040892873,61,27,0.0327868852459
experimenteren,1.44682482694,0.180040892873,61,27,0.0819672131148
voorzien,1.44605427442,1.69011493272e-13,1658,734,0.63148371532
gezegd,1.44455689162,3.84498415347e-07,789,349,0.0760456273764
vervallen,1.44233963689,0.0919166114004,86,38,1.0
interpreteren,1.4394819814,0.0301092110209,145,64,0.172413793103
ondersteunen,1.43898198547,0.000393296263488,392,173,0.0229591836735
gespecialiseerd,1.43880321302,0.0027153588232,281,124,0.889679715302
bezetten,1.43380561254,4.85735388039e-06,672,296,0.373511904762
verbannen,1.4306609333,0.000569029349116,391,172,0.337595907928
schorsen,1.42886667961,0.0198094484159,182,80,0.351648351648
huisvesten,1.42466852371,0.00385593574974,278,122,0.776978417266
mishandelen,1.4233374446,0.0631570304408,114,50,0.201754385965
diskwalificeren,1.42044921509,0.082511245133,105,46,0.133333333333
verlagen,1.41962178374,0.0489665646326,137,60,0.248175182482
zingen,1.4192641605,9.94380241912e-06,669,293,0.0538116591928
illustreren,1.41705017529,0.190832357258,64,28,0.125
koken,1.40938659877,0.105831838406,94,41,0.234042553191
kruisen,1.40438015441,0.139882042182,85,37,0.0941176470588
absorberen,1.39939911267,0.0718932069949,122,53,0.0573770491803
verpakken,1.39681386679,0.250871535742,53,23,0.528301886792
afschermen,1.39681386679,0.250871535742,53,23,0.433962264151
zweren,1.39125693919,0.111716757769,97,42,0.0309278350515
zoeken,1.3691175479,0.000491494841132,522,224,0.0900383141762
versnellen,1.36643238149,0.211731240426,70,30,0.142857142857
promoveren,1.36628810865,0.0161990526739,245,105,0.632653061224
vliegen,1.36628233548,0.0148099897144,252,108,0.178571428571
behouden,1.36260912782,0.0269419172996,215,92,0.26511627907
rangschikken,1.36135306874,0.056606207591,159,68,0.754716981132
vergeven,1.35812870231,0.136734180059,96,41,0.270833333333
mislukken,1.35741106387,0.0497838003833,178,76,0.994382022472
volgen,1.35565298832,4.40977502649e-06,949,405,0.18124341412
ondervragen,1.35342511666,0.283908093867,61,26,0.114754098361
scheppen,1.35327277964,0.0226464041331,244,104,0.377049180328
bekrachtigen,1.35069907202,0.145315149372,101,43,0.237623762376
beschuldigen,1.34829548143,0.000695777542537,536,228,0.14552238806
produceren,1.3476109316,1.56258924653e-11,2134,908,0.149484536082
verschansen,1.34473861936,0.221838365763,73,31,0.027397260274
verschuiven,1.34399977907,0.154668563693,106,45,0.716981132075
erkennen,1.34325950515,1.82941740606e-06,1100,467,0.209090909091
begraven,1.34084185552,9.00040111536e-06,955,405,0.348691099476
verliezen,1.34081539568,1.21848271194e-09,1801,764,0.164353137146
identificeren,1.33783467815,0.0351178258145,222,94,0.36036036036
aanbidden,1.33387273345,0.168108915143,97,41,0.020618556701
vieren,1.33329423795,0.0012397885098,530,224,0.022641509434
overwinnen,1.33133773144,0.105456455726,135,57,0.311111111111
verwijderen,1.33061344033,1.1099690236e-05,990,418,0.455555555556
behandelen,1.32862443188,4.4157390204e-05,870,367,0.149425287356
onderwerpen,1.32847652426,0.0152420723338,313,132,0.479233226837
volbrengen,1.32780221346,0.178036047167,102,43,0.333333333333
kronen,1.32705377991,0.0275684276637,261,110,0.153256704981
ontginnen,1.32700744413,0.111354439618,140,59,0.271428571429
voorbehouden,1.32298613912,0.0993078521732,145,61,0.924137931034
omsluiten,1.32231872437,0.157783950971,107,45,0.233644859813
bestellen,1.31986680678,0.0770764954263,169,71,0.301775147929
ontdoen,1.317963869,0.2452309359,81,34,0.333333333333
registreren,1.31755528809,0.0268954622462,274,115,0.485401459854
construeren,1.31579986709,0.194474377957,93,39,0.47311827957
berekenen,1.31270185152,0.0405070866478,234,98,0.320512820513
betekenen,1.31175679063,0.216444570682,86,36,0.046511627907
aanvaarden,1.31069988247,0.0291116362551,282,118,0.145390070922
bepalen,1.30973925963,1.71482936797e-05,1066,446,0.245778611632
achtervolgen,1.30864631865,0.155524388194,122,51,0.0327868852459
verkondigen,1.30803551803,0.306982083935,67,28,0.089552238806
herstellen,1.30758040216,0.000463799369295,725,303,0.468965517241
regeren,1.30486588055,0.014783269634,357,149,0.03081232493
bewegen,1.30131560476,0.153573126094,120,50,0.0833333333333
vernielen,1.30121205261,0.0500785094974,240,100,0.225
hechten,1.29774551249,0.160787580728,125,52,0.288
realiseren,1.29698725327,0.00816661907598,440,183,0.309090909091
treffen,1.29526481648,0.00033234863713,818,340,0.243276283619
hanteren,1.29477806875,0.00969324998379,426,177,0.0328638497653
afkorten,1.29297690123,0.389398927438,53,22,0.0566037735849
vechten,1.28797936123,0.0228968109307,338,140,0.0887573964497
draaien,1.28450999706,0.00945460687578,457,189,0.210065645514
betalen,1.2840605388,0.000472828975791,827,342,0.187424425635
componeren,1.28334523583,0.0201034792081,375,155,0.397333333333
vergezellen,1.27919733275,0.29345002358,80,33,0.0625
groeien,1.2785459579,0.0500265832967,274,113,0.978102189781
vertellen,1.27827447263,0.00144114079741,708,292,0.0607344632768
ontslaan,1.27735203545,0.00136142040786,718,296,0.286908077994
twijfelen,1.27533112085,0.374758606249,68,28,0
meten,1.2742612618,0.0180799351956,396,163,0.265151515152
evacueren,1.27187396096,0.271293007073,90,37,0.5
opereren,1.27187396096,0.271293007073,90,37,0.355555555556
verlengen,1.27155746308,0.0136248093121,450,185,0.164444444444
bewijzen,1.2695245987,0.0230124472116,392,161,0.311224489796
exploiteren,1.26871640324,0.111295545017,190,78,0.0157894736842
eten,1.26808240002,0.00516306673425,592,243,0.0371621621622
selecteren,1.26181814562,0.0422512320297,325,133,0.323076923077
vernieuwen,1.2612587665,0.202726917455,132,54,0.25
wijzen,1.25921260435,0.242066599609,115,47,0.104347826087
springen,1.25874489085,0.27962097376,93,38,0.666666666667
verminderen,1.25702110483,0.148065907973,169,69,0.396449704142
spellen,1.25645572798,0.290940946412,98,40,0.122448979592
pleiten,1.25256792661,0.476994098735,54,22,0.0185185185185
testen,1.25109151821,0.0561828765105,307,125,0.260586319218
gebeuren,1.25096771081,1.51236123894e-05,1576,642,1.0
vouwen,1.24930984154,0.415614177989,59,24,0.423728813559
bewaken,1.24823625198,0.141624121367,182,74,0.0274725274725
verbreken,1.24794021008,0.0632749549288,305,124,0.304918032787
compenseren,1.24422206012,0.380015245207,69,28,0.0579710144928
schrijven,1.23475292522,1.43045115927e-10,3927,1589,0.399796282149
opperen,1.23420243273,0.47035714075,52,21,0.346153846154
bestrijden,1.23410909537,0.20932983566,156,63,0.128205128205
reflecteren,1.23246925889,0.48892776297,57,23,0.0701754385965
verdubbelen,1.23246925889,0.48892776297,57,23,0.280701754386
leren,1.23153534625,0.0202303624509,528,213,0.0871212121212
afstuderen,1.2290420723,0.102793481605,278,112,0.985611510791
ontsnappen,1.22633553043,0.116712241729,256,103,1.0
classificeren,1.22362138579,0.323177798665,112,45,0.258928571429
bekritiseren,1.22322836873,0.288772972215,117,47,0.0683760683761
bereiken,1.22074172885,2.6983693686e-06,2348,943,0.295996592845
verdrijven,1.21614839082,0.0306231113964,517,207,0.36170212766
belagen,1.21460344833,0.500206838585,60,24,0.0666666666667
observeren,1.21460344833,0.500206838585,60,24,0.233333333333
restaureren,1.21441754097,0.12346591282,265,106,0.4
beklimmen,1.20476838305,0.355394553202,103,41,0.21359223301
beweren,1.20303310127,0.0967026393574,357,142,0.0420168067227
verbeteren,1.20287774605,0.0944930448539,352,140,0.355113636364
kweken,1.20095717969,0.184687163542,224,89,0.160714285714
verdringen,1.20023901501,0.291650652034,141,56,0.198581560284
vluchten,1.19955866927,0.0563601517966,481,191,0.995841995842
achten,1.19879486773,0.0250736756069,660,262,0.0106060606061
voorspellen,1.19807537005,0.247569146084,184,73,0.277173913043
verplaatsen,1.19648126217,0.0394232885542,570,226,0.247368421053
reconstrueren,1.19563031692,0.566265528487,53,21,0.452830188679
beslissen,1.19298814077,0.251513482269,187,74,0.144385026738
uitsluiten,1.19271275153,0.149792306351,278,110,0.489208633094
hernoemen,1.19162422266,0.205070816198,220,87,0.118181818182
splitsen,1.19162422266,0.205070816198,220,87,0.281818181818
vermelden,1.18759292786,0.0134974848773,879,347,0.176336746303
hervatten,1.18634473782,0.535176955013,71,28,0.140845070423
vissen,1.18634473782,0.535176955013,71,28,0.0422535211268
schenden,1.18627948254,0.334794616442,142,56,0.232394366197
veroorzaken,1.185114652,0.00177227302439,1458,575,0.133744855967
exporteren,1.18416996741,0.363027108338,132,52,0.0757575757576
melden,1.1841092346,0.264974221874,198,78,0.141414141414
onderbreken,1.18186723492,0.186978196386,277,109,0.223826714801
suggereren,1.18001687638,0.340074531671,145,57,0.213793103448
bezoeken,1.17980773636,0.0471133358975,613,241,0.114192495922
verhandelen,1.17875185275,0.263270947627,196,77,0.030612244898
genereren,1.17533402063,0.352544136897,153,60,0.111111111111
gevonden,1.17267056229,1.64678100852e-07,4645,1823,0.365984930032
verdienen,1.17205914233,0.132400424562,378,148,0.156084656085
bezigen,1.16399233893,0.587399951308,59,23,0.0169491525424
terugdringen,1.16399233893,0.587399951308,59,23,0.220338983051
lossen,1.16289877617,0.551795870179,77,30,0.220779220779
reageren,1.16221366293,0.519967896211,95,37,0.0421052631579
tentoonstellen,1.15539371672,0.240313345325,286,111,0.157342657343
schilderen,1.15303573621,0.202378492165,356,138,0.455056179775
helpen,1.15143309266,0.156349184204,426,165,0.0657276995305
verbranden,1.15130527572,0.341447304949,204,79,0.230392156863
zuiveren,1.15067061874,0.597026564575,62,24,0.258064516129
verkrijgen,1.14980114938,0.0335149556734,992,384,0.301411290323
verkopen,1.14901867243,0.0012151298056,2327,901,0.160721959605
analyseren,1.1485737745,0.548601398888,75,29,0.293333333333
hopen,1.14544209261,0.353957033754,215,83,0.0651162790698
schetsen,1.14519550832,0.678110869697,57,22,0.105263157895
beantwoorden,1.14514219248,0.493778740273,114,44,0.140350877193
gesticht,1.14404667122,0.305877612687,267,103,0.449438202247
schrappen,1.14344422621,0.446929621009,153,59,0.228758169935
omschrijven,1.14289648167,0.251038168457,332,128,0.153614457831
vernemen,1.14251198226,0.523599235186,96,37,0.125
bevorderen,1.14173306401,0.335793684369,231,89,0.151515151515
bereid,1.14089136451,0.411215395962,161,62,0.149068322981
onderwijzen,1.14028063062,0.352397308016,213,82,0.0704225352113
veroordelen,1.14000971288,0.0441463637104,1005,387,0.399004975124
fotograferen,1.13869296478,0.664964642391,52,20,0.230769230769
raadplegen,1.13868077523,0.606107039167,65,25,0.338461538462
evenaren,1.13866858506,0.636029046071,78,30,0.448717948718
transporteren,1.13482218557,0.413767143066,198,76,0.10101010101
benadrukken,1.13436381139,0.574272377918,86,33,0
dalen,1.13354347097,0.488954931103,146,56,0.993150684932
bevrijden,1.13181050286,0.246425068989,394,151,0.340101522843
hijsen,1.13079992546,0.590189944995,94,36,0.127659574468
informeren,1.1278325403,0.614692157536,68,26,0.367647058824
beloven,1.12533403931,0.312495491179,309,118,0.190938511327
wikkelen,1.12346702429,0.596204618598,97,37,0.649484536082
beschieten,1.12303122155,0.563980961006,118,45,0.194915254237
verhogen,1.12174449454,0.353950068472,286,109,0.293706293706
projecteren,1.11867688794,0.587861847876,92,35,0.119565217391
bestaan,1.11843767678,0.131794926585,770,293,0
fabriceren,1.1158448983,0.580888422578,129,49,0.186046511628
veranderen,1.10490228537,0.100847145453,1186,448,0.557335581788
bevestigen,1.10461510378,0.126929747898,1038,392,0.522157996146
openbaren,1.10413375617,0.613126420317,106,40,0.301886792453
gevangen,1.10362997035,0.229319920329,636,240,0.325471698113
studeren,1.10254962666,0.46209964132,244,92,0.0122950819672
verleien,1.10160084538,0.706793724136,69,26,0.130434782609
doorsnijden,1.1010620189,0.603808700208,146,55,0.212328767123
bespreken,1.09885266397,0.429390641903,295,111,0.115254237288
onttrekken,1.09640141628,0.578153819659,173,65,0.242774566474
passeren,1.09295568405,0.50705040307,248,93,0.637096774194
vervangen,1.09005868549,0.0567920536938,2132,799,0.24530956848
winnen,1.08437746195,0.0259446369546,3296,1232,0.0582524271845
werken,1.08182637195,0.184320128622,1258,469,0.0524642289348
onderhouden,1.08115425638,0.601652347254,196,73,0.117346938776
willen,1.08074968945,0.746616630309,94,35,0.223404255319
zinken,1.07961356855,0.736079128844,86,32,1.0
heroveren,1.07961356855,0.736079128844,86,32,0.174418604651
vernietigen,1.07788004366,0.271222095294,925,344,0.265945945946
benaderen,1.07642738359,0.613911497712,210,78,0.219047619048
onderzoeken,1.0759139532,0.471191729309,412,153,0.228155339806
benoemen,1.07432476357,0.126392392124,1982,736,0.219979818365
drukken,1.07342586153,0.474035906807,480,178,0.1625
eren,1.06797287682,0.7450522502,92,34,0.054347826087
ontvoeren,1.06697402261,0.500184843548,471,174,0.339702760085
vereren,1.06667756503,0.529845489557,398,147,0.0226130653266
inschrijven,1.06471078713,0.603415338396,328,121,0.615853658537
verjagen,1.06439607798,0.72523454562,141,52,0.31914893617
onderverdelen,1.06317604332,0.576687951197,350,129,0.725714285714
overtreffen,1.06277080691,0.889988380429,57,21,0.245614035088
reizen,1.05783344756,0.832838968487,98,36,0.530612244898
onthoofden,1.0547188143,0.775319025333,120,44,0.191666666667
leiden,1.05327463419,0.332533173126,1511,554,0.012574454004
monteren,1.0521161698,0.594838961026,467,171,0.653104925054
onthalen,1.05202520794,0.843461514011,112,41,0.0178571428571
benutten,1.04815536194,0.845517068514,115,42,0.0782608695652
importeren,1.04815536194,0.845517068514,115,42,0.330434782609
ontruimen,1.047581575,0.895420371758,63,23,0.238095238095
bedenken,1.04672286147,0.619704578511,537,196,0.342644320298
gunnen,1.0466017978,0.90336236778,74,27,0.418918918919
wijzigen,1.04582961692,0.67699976476,403,147,0.292803970223
starten,1.04516493285,0.660206405815,458,167,0.515283842795
verhuizen,1.04316704482,0.694451392512,346,126,0.884393063584
vergroten,1.04253063006,0.741441238154,250,91,0.172
keren,1.04101830246,0.849460573733,121,44,0.446280991736
negeren,1.04098638944,0.801054037453,154,56,0.123376623377
vertrekken,1.03359046412,0.681633449422,649,235,0.998459167951
installeren,1.03250002172,0.807066364696,293,106,0.412969283276
ontwerpen,1.03141272661,0.567412734259,1476,534,0.521680216802
ontheffen,1.02974881145,0.902419969705,72,26,0.333333333333
bekleden,1.02755072362,0.841045063972,244,88,0.372950819672
landen,1.02677114101,0.873520890813,172,62,0.924418604651
voetballen,1.02202799268,1.0,64,23,0.046875
versturen,1.02190368231,0.880301768022,192,69,0.166666666667
berechten,1.01685771958,1.0,67,24,0.253731343284
elimineren,1.01216038428,1.0,56,20,0.196428571429
wachten,1.00783648905,1.0,73,26,0.041095890411
duren,1.0077653974,1.0,146,52,0
vermoorden,1.00554092114,0.897853471221,2395,853,0.225052192067
rekenen,1.00519960205,0.949993107365,1113,396,0.0350404312668
verschepen,1.00387783237,1.0,76,27,0.131578947368
annuleren,1.00387783237,1.0,76,27,0.184210526316
kwalificeren,1.0019718437,1.0,124,44,0.201612903226
beperken,1.00191139012,1.0,186,66,0.139784946237
verkiezen,1.00186478908,1.0,786,279,0.199745547074
drijven,0.998222593572,1.0,274,97,0.13503649635
wisselen,0.995906233967,1.0,116,41,0.198275862069
gedragen,0.99558008726,0.950844395225,1151,407,0.0217202432667
bekeren,0.995023259383,1.0,184,65,0.184782608696
onderdokken,0.993761176563,1.0,51,18,1.0
zuigen,0.993744582451,1.0,68,24,0
promoten,0.993744582451,1.0,68,24,0.0882352941176
rekruteren,0.990140848754,1.0,71,25,0.239436619718
uithuwelijken,0.989025774484,1.0,54,19,0.222222222222
vervullen,0.984309353306,0.94710720202,248,87,0.20564516129
beoordelen,0.982115401385,0.937517215869,177,62,0.101694915254
ruimen,0.981011108442,1.0,60,21,0.533333333333
afwisselen,0.976903652052,1.0,106,37,0.00943396226415
ontdekken,0.974754134344,0.611899557309,1877,655,0.248801278636
ontwikkelen,0.97249761487,0.512520719702,2619,913,0.379534173349
maken,0.970002857796,0.136896389627,10700,3744,0.246728971963
presenteren,0.965814269173,0.722348145006,554,192,0.0379061371841
doden,0.965739549641,0.540787062155,1416,491,0.206920903955
beschrijven,0.96365614038,0.479547169067,1718,595,0.36263096624
verlaten,0.963594403593,0.537343175238,1268,439,0.108044164038
offeren,0.962945235648,0.919623304674,107,37,0.0934579439252
inbedden,0.958883508286,1.0,58,20,0.862068965517
serveren,0.958826612007,0.922712157225,116,40,0.0344827586207
opvullen,0.957594242124,0.848677119469,119,41,0.344537815126
renoveren,0.957226780088,0.912439896529,90,31,0.288888888889
onderdrukken,0.956303593457,0.788997111137,244,84,0.118852459016
herbouwen,0.956009008459,0.775967675829,215,74,0.33488372093
besteden,0.955522491965,0.754459920949,279,96,0.139784946237
rijden,0.95439343844,0.560116594693,724,249,0.109116022099
uitverkiezen,0.954311209144,0.896875387584,64,22,0.53125
transformeren,0.954311209144,0.896875387584,64,22,0.3125
insluiten,0.95294205664,0.916374150856,99,34,0.454545454545
ruilen,0.952336404516,0.898983854563,67,23,0.0298507462687
bestuderen,0.952317806379,0.717435930182,300,103,0.126666666667
overvallen,0.951683999052,0.836920493285,102,35,0.196078431373
bouwen,0.947553738573,0.0377418962541,6712,2307,0.39794398093
verwoesten,0.941556267556,0.381489974043,965,329,0.278756476684
overwegen,0.939366596439,0.832235230367,97,33,0.0927835051546
detecteren,0.936969667456,0.886547499536,53,18,0.207547169811
overheersen,0.935559773366,0.889392769801,56,19,0.0714285714286
lozen,0.933151772753,0.894583209069,62,21,0.0645161290323
verbouwen,0.931466257802,0.528518211868,396,134,0.169191919192
ontmantelen,0.931170811074,0.899207587185,68,23,0.279411764706
droppen,0.929512307337,0.809062941967,74,25,0.162162162162
herdrukken,0.929512307337,0.809062941967,74,25,0.202702702703
openen,0.927261678511,0.152388424311,1617,546,0.272727272727
slaan,0.924333194494,0.338122692549,686,231,0.276967930029
persen,0.921335670241,0.715139669719,131,44,0.18320610687
doorbreken,0.919036180671,0.628369630839,167,56,0.425149700599
heffen,0.917753637778,0.60253294947,197,66,0.0152284263959
noemen,0.917351346791,7.48345592681e-05,9523,3211,0.0904126850782
kiezen,0.917286769691,0.0482225281676,2379,798,0.1719209752
verwerken,0.913552898215,0.226598319148,814,272,0.556511056511
invoegen,0.910940225783,0.886988492035,54,18,0.351851851852
pompen,0.910931366897,0.793094732229,63,21,0.047619047619
beroven,0.910913648327,0.728960996358,81,27,0.271604938272
beleven,0.910904788642,0.741449572484,90,30,0.0777777777778
koloniseren,0.910901835355,0.745335752524,93,31,0.279569892473
voeren,0.906587815824,0.219484237876,743,247,0.0861372812921
investeren,0.898736520192,0.622797780787,112,37,0.196428571429
signaleren,0.898406691071,0.688873985213,109,36,0.477064220183
plakken,0.898058113605,0.684770857398,106,35,0.358490566038
slopen,0.894417482246,0.245828315251,507,167,0.248520710059
voorkomen,0.891535830484,0.384559367319,283,93,0.395759717314
aanslaan,0.890683109418,0.703232464794,67,22,0.34328358209
smeden,0.888713964289,0.789104357275,61,20,0.377049180328
leveren,0.880743942673,0.0481739631953,1113,363,0.101527403414
lokken,0.878376183911,0.64681361162,83,27,0.21686746988
uitgraven,0.875879366852,0.635007331963,77,25,0.519480519481
ontsteken,0.875879366852,0.635007331963,77,25,0.285714285714
meeleveren,0.874480794875,0.628762045172,74,24,0.108108108108
decoreren,0.874480794875,0.628762045172,74,24,0.540540540541
annexeren,0.871117155875,0.310506994505,272,88,0.268382352941
afbouwen,0.86952061053,0.697572910484,65,21,0.430769230769
beëindigen,0.86907242025,0.142220189438,520,168,0.288461538462
ontnemen,0.866435586868,0.506385806848,121,39,0.297520661157
arresteren,0.86570523314,0.115048982219,571,184,0.292469352014
bombarderen,0.864162596484,0.496147390739,115,37,0.191304347826
afhandelen,0.862991254278,0.676392560678,56,18,0.321428571429
graven,0.861216149629,0.280190319974,271,87,0.343173431734
propageren,0.8603304899,0.668478848587,53,17,0.0188679245283
verzwelgen,0.8603304899,0.668478848587,53,17,0.22641509434
boren,0.8603304899,0.668478848587,53,17,0.301886792453
lanceren,0.853686328254,0.160966931303,376,120,0.143617021277
staken,0.852040608375,0.352399074756,182,58,0.175824175824
uitgaan,0.851448003807,0.418601594918,135,43,0.340740740741
bekendmaken,0.847373767826,0.599686048593,63,20,0.190476190476
aansluiten,0.845514563998,0.0109691130982,1056,335,0.67803030303
plaatsen,0.844268055082,2.05331413514e-05,2905,922,0.425473321859
erven,0.843829648353,0.217226017431,259,82,0.0501930501931
ontzeggen,0.840860959738,0.582555993529,57,18,0.228070175439
schieten,0.839962491314,0.160570672208,320,101,0.25625
bevelen,0.83860193833,0.513227113379,92,29,0.119565217391
herontdekken,0.835008522158,0.533576285603,70,22,0.114285714286
verlopen,0.833369711156,0.233821961885,223,70,0.995515695067
bestempelen,0.832293529017,0.295935790921,169,53,0.153846153846
verzenden,0.831645006736,0.366506386404,134,42,0.223880597015
opdelen,0.830837197093,0.185317708897,249,78,0.530120481928
knippen,0.828112994474,0.51647056873,64,20,0.421875
toegestaan,0.825218002248,0.0138204936363,763,238,0.733944954128
beleggen,0.824172271035,0.592564071123,61,19,0.327868852459
publiceren,0.82070048976,0.000196179526725,1640,510,0.178658536585
ontkennen,0.817447407598,0.376071755877,113,35,0.0530973451327
ontvluchten,0.817447407598,0.376071755877,113,35,1.0
confisqueren,0.815045452567,0.573359132012,55,17,0.381818181818
distribueren,0.815045452567,0.573359132012,55,17,0.0727272727273
toevoegen,0.813318957129,6.26702907086e-05,1731,535,0.227614095898
behalen,0.811964524843,0.0029848863514,940,290,0.109574468085
vastbinden,0.809708255493,0.517011739386,65,20,0.507692307692
zakken,0.809682799095,0.382059174151,91,28,1.0
executeren,0.807321936318,0.109895821452,267,82,0.187265917603
voorbereiden,0.806986144448,0.145915206689,228,70,0.425438596491
ophouden,0.805805372997,0.46897288465,75,23,0.44
uitschakelen,0.805591010464,0.00303645210838,880,270,0.220454545455
verleggen,0.801568564539,0.315305720308,108,33,0.203703703704
verzamelen,0.800561395149,0.0109908228906,609,186,0.285714285714
overschrijden,0.800161374324,0.207650979476,154,47,0.181818181818
doen,0.800090355723,4.45169336302e-11,4040,1237,0.149504950495
interviewen,0.797051786887,0.450618079061,69,21,0.130434782609
handelen,0.794364046335,0.150942250501,191,58,0.0471204188482
veroveren,0.788926014936,0.000283954143305,1101,333,0.176203451408
tonen,0.788222782878,0.00375838100627,695,210,0.0258992805755
schuiven,0.778854793422,0.109692932027,207,62,0.299516908213
arriveren,0.777803276827,0.227590067004,127,38,1.0
tekenen,0.777795688594,0.000908398248853,825,247,0.212121212121
duwen,0.775557189127,0.190982644527,144,43,0.0902777777778
aanraden,0.774288918966,0.409116479984,57,17,0.157894736842
verkleinen,0.771946606478,0.305752608095,84,25,0.166666666667
trekken,0.768921383258,0.000838966988325,761,226,0.332457293035
uitsturen,0.767099867713,0.397574494915,54,16,0.277777777778
terugkomen,0.767099867713,0.397574494915,54,16,0.962962962963
torpederen,0.765165504484,0.323575818469,71,21,0.112676056338
verklaren,0.762711230224,0.00014763435157,921,272,0.312703583062
uitsterven,0.758765418476,0.0111116855242,408,120,1.0
aanmaken,0.757774921033,0.0988782302496,177,52,0.141242937853
verwerpen,0.756425901111,0.105802144434,167,49,0.179640718563
ratificeren,0.755401744859,0.410195832973,58,17,0.206896551724
afleiden,0.75395534591,9.24785932052e-06,1157,339,0.885911840968
aanroepen,0.750160195118,0.324220299586,72,21,0.0138888888889
delven,0.748239610614,0.289655865757,79,23,0.113924050633
uithalen,0.747428583768,0.397899066678,55,16,0.2
planten,0.746242958076,0.175695583647,117,34,0.42735042735
opwarmen,0.745298324222,0.352845169224,62,18,0.338709677419
terechtstellen,0.741067066399,0.251186699016,83,24,0.228915662651
stijgen,0.738964133831,0.10348672779,149,43,1.0
herdenken,0.737357084129,0.148794109805,118,34,0
vervoeren,0.732230913624,0.00474163071014,401,115,0.1072319202
gezien,0.732192255269,8.47032181414e-19,3820,1099,0.0387434554974
ontvangen,0.732062754553,1.03974206701e-06,1164,334,0.138316151203
aanhalen,0.728720673752,0.234210435586,77,22,0.0649350649351
stichten,0.725922626979,5.5122491531e-07,1164,332,0.213058419244
gieten,0.725666894077,0.0663456398256,172,49,0.337209302326
dienen,0.724149832686,0.00549934086718,355,101,0.0507042253521
werpen,0.72235653391,0.0703623814498,162,46,0.117283950617
ontstaan,0.722207414504,2.29383044516e-17,3217,916,1.0
vertolken,0.721074563163,0.103566929384,134,38,0.0597014925373
exposeren,0.720262816287,0.281786548393,60,17,0.0666666666667
injecteren,0.720262816287,0.281786548393,60,17,0.166666666667
grijpen,0.719052886482,0.0677981573508,159,45,0.106918238994
uitspelen,0.715668492705,0.121533451529,117,33,0.529914529915
afstemmen,0.711925100077,0.105773615984,121,34,0.793388429752
formuleren,0.710441986734,0.0759262016995,139,39,0.446043165468
aanpassen,0.710253852322,3.05223551079e-05,709,199,0.521861777151
voldaan,0.708381508743,0.000591011942644,482,135,0.381742738589
schenken,0.702562875113,0.000295909801927,510,142,0.203921568627
gevallen,0.699216467397,7.35699454065e-05,591,164,0.998307952623
creëren,0.69862637116,4.33153187833e-05,631,175,0.19175911252
meetellen,0.698349283216,0.168157845672,83,23,0.0602409638554
overlijden,0.696584778002,1.49307102897e-12,1837,509,0.999455634186
opsplitsen,0.694670564481,0.0403311658904,163,45,0.269938650307
aanleren,0.692289468275,0.207842050891,69,19,0.188405797101
oprollen,0.689352038516,0.305166494191,51,14,0.490196078431
geleden,0.688647762362,0.00560230107602,277,76,0.043321299639
verblijven,0.687473007921,0.178169125047,73,20,0.109589041096
verzoeken,0.686102425345,0.0849268915606,106,29,0.0566037735849
vertonen,0.685140415814,0.00378624995958,289,79,0.124567474048
inbouwen,0.68457950671,0.0157787148826,205,56,0.565853658537
ingrijpen,0.683193015084,0.259126171125,55,15,0.0545454545455
storten,0.683130586708,0.0704647986717,121,33,0.388429752066
overblijven,0.681891427384,0.0031774523512,290,79,1.0
doorlopen,0.681233687337,0.0295499111989,169,46,0.147928994083
inhalen,0.679308405243,0.131477288276,81,22,0.148148148148
beschouwen,0.672483209109,1.80547160941e-20,2645,715,0.0272211720227
stoten,0.671184882665,0.124715810103,78,21,0.217948717949
vergaan,0.669760615185,0.103290920259,93,25,1.0
omdraaien,0.666527936841,0.208870510723,56,15,0.446428571429
betitelen,0.665659286949,0.137493521476,71,19,0.0704225352113
verwoorden,0.662484403098,0.177763132026,60,16,0.216666666667
kopen,0.659906788817,2.80439739766e-08,868,231,0.124423963134
inlichten,0.65895660048,0.151660182481,64,17,0.296875
indrukken,0.658896707796,0.0415820876111,128,34,0.21875
inschakelen,0.658896707796,0.0415820876111,128,34,0.3125
verslaan,0.657564460659,4.01292180663e-10,1081,287,0.300647548566
fusilleren,0.657032382555,0.107530563066,83,22,0.325301204819
uitbetalen,0.655851697379,0.129697957097,68,18,0.0735294117647
toelaten,0.65214233211,7.14049176673e-06,546,144,0.265567765568
omvormen,0.651965496171,0.00353843401166,239,63,0.188284518828
scoren,0.649682167374,0.00510919538439,213,56,0.0845070422535
vervaardigen,0.648174562082,9.12482512016e-07,636,167,0.336477987421
aanwennen,0.647188936748,0.0507224376692,103,27,0.0679611650485
uitstoten,0.642990090905,0.130244287538,69,18,0.130434782609
zorgen,0.642797856243,0.00103466745583,276,72,0.0144927536232
genieten,0.6421086131,0.00744779390993,188,49,0.0425531914894
ervaren,0.64197532293,4.41604274647e-05,422,110,0.042654028436
onthullen,0.63931621684,0.00426388359935,204,53,0.107843137255
doortrekken,0.638513187346,0.0224719449688,131,34,0.335877862595
roven,0.63552314011,0.133483615104,58,15,0.241379310345
emigreren,0.629722095036,0.0352489140246,109,28,1.0
aansturen,0.628915107976,0.0304096876597,113,29,0.0265486725664
aantrekken,0.628337561988,0.000701198852074,269,69,0.159851301115
terechtkomen,0.628127594263,0.0117596478875,156,40,1.0
stellen,0.627349233258,1.81850236575e-23,2255,579,0.235920177384
ontmoeten,0.622449249779,5.26998423032e-05,369,94,0
halen,0.622247275277,3.3256439614e-14,1267,323,0.157063930545
begaan,0.620019702172,0.00075325059325,252,64,0.269841269841
ondertekenen,0.615264421758,0.000203754052213,297,75,0.23569023569
houden,0.614925484096,5.5015243526e-72,6761,1719,0.0465907410146
verrijden,0.614103001338,3.5001748962e-06,452,114,0.0309734513274
oplossen,0.612239012574,3.07135044349e-06,457,115,0.527352297593
introduceren,0.610972794425,2.74812207235e-11,907,228,0.216097023153
wonen,0.610869426652,7.27603762966e-06,414,104,0
opslokken,0.607281604499,0.14634876163,52,13,0.134615384615
aanbouwen,0.607267045977,0.076439909948,68,17,0.514705882353
afsnijden,0.60269901164,0.00302937486095,181,45,0.353591160221
verheffen,0.602441243068,2.23831139489e-05,354,88,0.225988700565
sturen,0.599582362493,6.16647004219e-14,1073,266,0.206896551724
zenden,0.596468826837,0.000638874461058,227,56,0.20704845815
openstellen,0.594429318178,0.0116210846886,126,31,0.301587301587
lopen,0.593788692445,2.4944164495e-07,492,121,0.30081300813
indelen,0.591667837008,7.34142173701e-08,530,130,0.420754716981
afwerken,0.591616729416,0.00418939153912,155,38,0.361290322581
meerekenen,0.589385343068,0.0355894191538,90,22,0.1
uitrusten,0.58917169817,9.63180382294e-09,593,145,0.804384485666
overleven,0.588084669015,1.05467997858e-06,426,104,0.00704225352113
weglopen,0.586671460981,0.0439206942965,78,19,1.0
geven,0.586458757159,1.20221191376e-45,3550,868,0.11323943662
ingeven,0.584348092565,0.0601695656713,70,17,0.614285714286
aanraken,0.581938519287,0.0238754117061,95,23,0.136842105263
afvallen,0.577654932743,0.0883580223501,54,13,1.0
terugbrengen,0.576961959336,0.000415483149245,212,51,0.264150943396
eisen,0.576821548416,0.00264143425319,158,38,0.101265822785
doordringen,0.57421419571,0.00769019984661,121,29,0.95867768595
blijken,0.573456980581,1.68290168685e-05,309,74,1.0
voltrekken,0.573105244321,0.00889708445902,117,28,0.222222222222
blootstellen,0.571749117234,1.42554500745e-06,385,92,0.303896103896
droogleggen,0.569314980425,0.064355341705,63,15,0.460317460317
samenstellen,0.568331597997,1.14157957578e-10,664,158,0.605421686747
blazen,0.567802483964,0.0162504115934,101,24,0.0594059405941
goedkeuren,0.566474538569,3.12708563849e-07,413,98,0.384987893462
deponeren,0.563899692285,0.0683288769056,55,13,0.345454545455
opmerken,0.563307671368,9.65026671079e-06,309,73,0.106796116505
deporteren,0.56199377914,0.00603808441372,123,29,0.252032520325
aanbevelen,0.560551386294,0.0423802689913,68,16,0.0735294117647
vrijgeven,0.555151914478,0.00305692413387,137,32,0.284671532847
dragen,0.553625167559,9.44595641754e-07,356,83,0.418539325843
aanvullen,0.552430497482,0.00116200471639,159,37,0.14465408805
afscheiden,0.550173231584,3.75231400452e-05,250,58,0.184
overtreden,0.549416431953,0.0206525923323,82,19,0.109756097561
overeenkomen,0.548449519009,0.00423377860488,121,28,0.661157024793
samenvoegen,0.548132449131,5.55022916146e-09,484,112,0.219008264463
toedoen,0.546550704296,0.0807142016423,52,12,0.980769230769
vergaren,0.546539373493,0.0380952178614,65,15,0.0923076923077
bezorgd,0.544403463511,0.00566967607495,113,26,0.0884955752212
afsplitsen,0.54418875258,0.00010239558235,213,49,0.225352112676
verschijnen,0.541963184391,7.64313600336e-13,706,162,1.0
uitwerken,0.541704554045,2.31271401622e-05,253,58,0.387351778656
aanmoedigen,0.539787253241,0.0328477833633,70,16,0.0285714285714
afdekken,0.535802434187,0.013751101886,88,20,0.340909090909
meevoeren,0.535802434187,0.013751101886,88,20,0.170454545455
oproepen,0.533106279306,2.91220898268e-09,468,106,0.102564102564
aandrijven,0.53195783057,9.66657657974e-09,429,97,0.018648018648
afsluiten,0.528817103828,1.78215955924e-14,755,170,0.298013245033
uitnodigen,0.522398917143,1.60122814132e-09,453,101,0.300220750552
verwekken,0.520475584132,0.0034530022899,108,24,0.314814814815
opgraven,0.520406526192,9.72981467478e-05,189,42,0.455026455026
roepen,0.518233487178,2.75550270186e-07,325,72,0.295384615385
opvangen,0.517709995775,5.12761770344e-06,253,56,0.0830039525692
uitdrukken,0.513724243983,4.38215960923e-05,200,44,0.09
opleiden,0.511912555545,5.35941559938e-09,401,88,0.346633416459
ombouwen,0.510605898869,1.36400269952e-06,274,60,0.372262773723
aantasten,0.509283807456,3.62692404978e-07,302,66,0.44701986755
steken,0.507954015647,2.66811153317e-10,463,101,0.222462203024
spuiten,0.506049405614,0.0166658223013,69,15,0.246376811594
boeken,0.504202043436,1.01440991822e-05,226,49,0.185840707965
afwerpen,0.502555014664,0.0144784829856,74,16,0.189189189189
leggen,0.501821288368,1.17071000095e-23,1119,242,0.222520107239
opknappen,0.500098880585,0.0192704242398,65,14,0.615384615385
voorschrijven,0.499716706441,0.000335173296421,144,31,0.361111111111
terugvinden,0.497127527177,2.75435469578e-09,387,83,0.434108527132
uitmoorden,0.496858808143,0.0350513642386,56,12,0.375
afschieten,0.496823803224,0.00304341732508,98,21,0.142857142857
opgewekt,0.496742112795,2.55201592953e-05,196,42,0.127551020408
uitroeien,0.495007760511,0.00132085577768,117,25,0.487179487179
afkoelen,0.494035773633,0.01082919937,75,16,0.706666666667
uitbroeden,0.493404084937,0.0223330407762,61,13,0.0983606557377
slepen,0.491580900183,0.00706149674198,80,17,0.1
omdopen,0.490944052773,3.55892866022e-09,372,79,0.120967741935
aanstellen,0.487839375678,7.61869966099e-17,719,152,0.283727399166
constateren,0.487662774081,2.58337038817e-06,232,49,0.327586206897
voortkomen,0.487645765773,7.17596038405e-08,303,64,1.0
aflopen,0.483368489766,5.80119867661e-09,348,73,0.994252873563
wegvoeren,0.483333283887,0.0166536504092,62,13,0.322580645161
optellen,0.479411268852,0.00932373840372,72,15,0.0416666666667
vastmaken,0.479371978777,0.000759892807868,120,25,0.483333333333
opstarten,0.478399365935,0.000492770829764,125,26,0.248
uitgroeien,0.471399374658,2.80075506744e-06,214,44,1.0
vormgeven,0.471144260891,0.00694145295502,73,15,0.493150684932
opeten,0.47006373341,7.2400810282e-05,156,32,0.108974358974
uitgebreid,0.468401905919,1.48395886469e-16,640,131,0.1625
verwerven,0.468361926095,1.50299318631e-10,391,80,0.079283887468
geraken,0.467840182578,3.44394855252e-37,1519,311,0.730743910467
aanduiden,0.467694020303,1.69807771509e-38,1573,322,0.0464081373172
afgraven,0.467096960615,0.00145629736958,98,20,0.510204081633
opslaan,0.466013843665,3.22794948875e-16,623,127,0.404494382022
aanklagen,0.465093041775,0.000479529222761,118,24,0.279661016949
verzet,0.464376481911,0.0124057980323,64,13,0.125
formeren,0.464376481911,0.0124057980323,64,13,0.203125
vrijlaten,0.463627113494,1.32661919976e-09,340,69,0.170588235294
overplaatsen,0.461589512219,8.94493212863e-06,183,37,0.174863387978
hergebruiken,0.455448894681,0.0143534966384,60,12,0.383333333333
inkorten,0.455436945766,0.00514538215731,75,15,0.333333333333
uitlenen,0.455421013319,0.00123164710259,95,19,0.178947368421
uitwisselen,0.455417030108,0.0010833396441,100,20,0.04
weghalen,0.455401096863,0.000265746665265,120,24,0.366666666667
uitvechten,0.452692220317,7.42580854368e-07,216,43,0.0740740740741
afvoeren,0.450870722658,6.62110576127e-08,257,51,0.0817120622568
meebrengen,0.450290868618,0.000459937604584,111,22,0.198198198198
opkopen,0.450054007797,0.000522997666037,106,21,0.141509433962
plegen,0.445571673164,9.01745741512e-26,925,182,0.205405405405
laten,0.445539353043,3.07603110716e-12,412,81,0.135922330097
opofferen,0.444346933895,0.0186110736489,51,10,0.137254901961
uitstellen,0.443897316488,3.18740857151e-05,148,29,0.22972972973
uitwijken,0.443741109229,0.000904966376289,97,19,0.855670103093
uitvallen,0.442414288221,0.00157558045048,87,17,1.0
uitvoeren,0.439798200203,1.2353411598e-75,2761,539,0.197754436798
wegsturen,0.438574168111,0.00680356094877,67,13,0.298507462687
inhuldigen,0.437228532759,0.00757419210659,62,12,0.0806451612903
omkopen,0.437228532759,0.00757419210659,62,12,0.403225806452
inbreken,0.435648181143,0.0119649356486,57,11,0.228070175439
wekken,0.435233195102,4.05052783678e-05,140,27,0.15
opstijgen,0.433766051485,0.0135305333944,52,10,1.0
nastreven,0.433745891545,0.00281201757585,78,15,0.025641025641
afronden,0.433723879108,1.26847879087e-17,582,112,0.439862542955
aanspreken,0.433705568633,6.9310458342e-05,130,25,0.0461538461538
nemen,0.431824327848,5.46769342253e-83,2926,563,0.17976760082
naleven,0.428638070429,0.00130117961273,84,16,0.0238095238095
uitbouwen,0.428638070429,0.00130117961273,84,16,0.238095238095
uitscheiden,0.426967437101,0.00202483805792,79,15,0.0126582278481
meekrijgen,0.426377897707,0.00860806227895,58,11,0
opgroeien,0.424931688167,7.4322015778e-09,259,49,1.0
gooien,0.424213695603,2.51089445848e-11,344,65,0.130813953488
invullen,0.423973663626,2.21033323569e-05,143,27,0.258741258741
vastzetten,0.422424762073,0.000952460948374,85,16,0.329411764706
omzetten,0.421492630537,3.59825764912e-21,670,126,0.117910447761
verstrekken,0.421273853757,1.13164180977e-06,181,34,0.204419889503
aanzetten,0.420385363469,0.000558752445388,96,18,0.135416666667
inzetten,0.419107958741,8.09289249917e-45,1462,274,0.093023255814
omgaan,0.417493876081,0.00620675304514,59,11,0.35593220339
neerhalen,0.417493876081,0.00620675304514,59,11,0.203389830508
opbouwen,0.415734448758,1.08032091966e-36,1166,217,0.631217838765
aankomen,0.415631662029,1.19774237144e-11,339,63,1.0
loslaten,0.414814155231,4.63098843724e-05,124,23,0.193548387097
ophangen,0.412159373755,1.30125093324e-10,298,55,0.402684563758
aantonen,0.411778156691,4.22638507693e-12,347,64,0.397694524496
terugroepen,0.411359208606,0.00164474416656,76,14,0.144736842105
weglaten,0.411302046964,5.52611099882e-06,152,28,0.401315789474
uitleggen,0.409836696328,8.59806079602e-06,147,27,0.12925170068
aangeven,0.408404757929,6.45815006837e-21,622,114,0.265273311897
aanwijzen,0.407537781917,2.09089439518e-21,634,116,0.511041009464
terugkeren,0.406956553544,1.57584995472e-14,416,76,0.997596153846
opbreken,0.404828583396,0.00118102603312,77,14,0.246753246753
afbreken,0.400044928845,9.22671065341e-26,749,135,0.275033377837
uitgeven,0.399395795324,8.9357526361e-54,1609,290,0.187072715973
onderbrengen,0.397636527118,7.41300732243e-18,502,90,0.567729083665
aandringen,0.396042905502,0.00498595996906,56,10,0.0892857142857
aanvallen,0.393785325008,1.41487767776e-30,871,155,0.115958668197
uiten,0.393437814262,2.32824368356e-06,152,27,0.190789473684
oppakken,0.392260926939,2.82348264593e-16,440,78,0.254545454545
inschatten,0.39038856358,0.00782739736969,51,9,0.0980392156863
uitoefenen,0.388549211468,5.63329875072e-15,398,70,0.0276381909548
aanpakken,0.387101849763,0.000168388834595,97,17,0.0824742268041
opsluiten,0.386603585931,1.09027190096e-13,354,62,0.375706214689
uitkeren,0.385374720973,0.00226254679602,63,11,0.0793650793651
losmaken,0.384864642597,0.000401937994897,86,15,0.162790697674
opbergen,0.383526413407,0.00146227385564,69,12,0.405797101449
verrichten,0.383227824548,2.44373372532e-18,483,84,0.136645962733
afslachten,0.378102459439,0.00161445349791,64,11,0.1875
afremmen,0.378102459439,0.00161445349791,64,11,0.046875
voegen,0.37795345008,2.65418983467e-16,413,71,0.118644067797
bevinden,0.377797613594,8.02243313835e-12,291,50,0.20618556701
afdwingen,0.377658262709,8.38686405736e-05,99,17,0.0707070707071
afvuren,0.376862922573,2.17692021785e-06,140,24,0.2
kosten,0.375857285771,9.51914894711e-07,152,26,0
inwijden,0.375647375031,2.54416965771e-08,193,33,0.150259067358
meenemen,0.375586578665,9.78494442602e-21,532,91,0.191729323308
oversteken,0.375027460967,1.1028334279e-05,123,21,0.593495934959
achterblijven,0.373107136418,5.97420007842e-05,100,17,1.0
blootleggen,0.371792311655,0.00249165720799,59,10,0.322033898305
neerstorten,0.371099540924,0.0016252141285,65,11,1.0
innemen,0.371008873718,8.49519948338e-29,738,125,0.169376693767
overleveren,0.369444520743,9.03704195805e-14,332,56,0.831325301205
inhuren,0.368876256256,1.95998212861e-08,190,32,0.357894736842
eindigen,0.36843365949,6.69475115597e-13,309,52,0.977346278317
afdrukken,0.368194495537,1.81233937209e-05,113,19,0.300884955752
verlenen,0.367049202159,1.13085704855e-27,697,117,0.182209469154
voorstellen,0.365480443196,1.0118773599e-23,586,98,0.134812286689
afwijken,0.364359651717,0.00396139731601,54,9,0.37037037037
overhevelen,0.364355462876,0.00175454117645,60,10,0.116666666667
vrijkomen,0.364351273992,0.00113152162334,66,11,1.0
afkeuren,0.364296814686,7.80680534369e-07,144,24,0.305555555556
voordragen,0.36115948425,1.18871953289e-06,139,23,0.26618705036
uitgebracht,0.360572779017,1.47566739266e-108,2778,461,0.213462922966
doorgeven,0.359413636972,6.08607917279e-12,273,45,0.142857142857
overstappen,0.358373195912,0.00051687805983,73,12,0.86301369863
samenbrengen,0.357844016594,0.000792015920828,67,11,0.328358208955
voortzetten,0.35610712605,7.23757744818e-10,214,35,0.0794392523364
belanden,0.355877323335,1.56174626569e-09,208,34,0.995192307692
opheffen,0.355349562991,1.78579064862e-47,1162,190,0.20395869191
opzetten,0.354405325252,1.04962677935e-96,2404,393,0.284525790349
vrijspreken,0.354186753514,1.93269125216e-06,129,21,0.209302325581
ondernemen,0.350234336044,3.59468676851e-10,217,35,0.110599078341
vasthouden,0.34989029878,1.58918315943e-12,273,44,0.0622710622711
opblazen,0.34979555234,1.21302823702e-08,180,29,0.188888888889
inpolderen,0.348853065926,0.00189800682792,56,9,0.446428571429
brengen,0.348699017553,1.7692941537e-141,3454,558,0.179502026636
overkomen,0.348461042188,6.30614305485e-07,137,22,1.0
opstellen,0.348425522992,6.69193977129e-36,846,136,0.419621749409
uitspreken,0.345531977657,1.08705669716e-23,539,86,0.0779220779221
toeschrijven,0.343812270275,2.61698610748e-29,667,106,0.104947526237
opnemen,0.341980633463,4.99554294897e-161,3823,608,0.430551922574
overhandigen,0.341571632663,0.000259245573904,76,12,0.157894736842
komen,0.340307919629,1.16495118342e-128,3022,478,0.997021839841
inbrengen,0.339599059249,3.10673591599e-07,140,22,0.235714285714
afblazen,0.338940309681,0.00299133993529,51,8,0.117647058824
optrekken,0.338912339921,2.76394081344e-15,325,51,0.526153846154
aanvoeren,0.336713163949,2.8682742655e-16,346,54,0.0722543352601
meewerken,0.336068096544,6.41506032691e-10,199,31,0.00502512562814
instemmen,0.334612323874,0.00135106087237,58,9,0
aansteken,0.333226371986,1.66230857287e-05,97,15,0.340206185567
aanspannen,0.332978926111,5.11283123927e-06,110,17,0.354545454545
afluisteren,0.331236209428,0.00204117711755,52,8,0.0576923076923
heten,0.331236209428,0.00204117711755,52,8,0.134615384615
krijgen,0.330870175068,2.89349197813e-114,2572,397,0.0318818040435
geval,0.329963397763,1.50314293918e-08,163,25,1.0
stilleggen,0.329210690481,1.16334903903e-05,98,15,0.214285714286
uitkomen,0.328803323033,1.0061258877e-12,255,39,0.980392156863
omkomen,0.328162842795,2.56314306255e-23,491,75,1.0
vaststellen,0.327838308233,7.28264443362e-34,727,111,0.466299862448
toepassen,0.327363099591,1.14514471953e-75,1663,254,0.111846061335
aanmelden,0.326963436654,2.54968384841e-05,92,14,0.20652173913
inrichten,0.326570489869,1.30283823981e-25,539,82,0.552875695733
hangen,0.326034130799,7.20707543075e-10,191,29,0.104712041885
ingesteld,0.325290620441,1.17760881187e-05,99,15,0.555555555556
aankopen,0.324861859589,3.31070688948e-11,218,33,0.275229357798
samenwerken,0.324556466756,3.34462868986e-12,238,36,0.00420168067227
aanrijden,0.323449012895,5.16106229078e-07,126,19,0.18253968254
buitmaken,0.323208614311,0.00018999435984,73,11,0.27397260274
uitvaardigen,0.318757550844,7.61786404553e-08,141,21,0.212765957447
afgelasten,0.318077443602,0.000128545563094,74,11,0.216216216216
meegeven,0.316832891563,0.000968869039129,54,8,0.148148148148
bijstaan,0.316781333218,1.14043199574e-07,135,20,0
afspreken,0.316746957542,3.51865142187e-10,189,28,0.391534391534
overgaan,0.315227761335,5.21518155799e-10,183,27,0.732240437158
afdoen,0.312288908144,3.99081280997e-05,82,12,0.146341463415
vastleggen,0.309005657317,2.25677116525e-42,847,123,0.515938606848
bijdragen,0.307227071718,9.84187807639e-20,374,54,0.00802139037433
wegleggen,0.306791823407,1.21752389687e-06,111,16,0.972972972973
overnemen,0.306623381478,3.69226470804e-90,1820,263,0.18956043956
opbrengen,0.303629850188,0.000657100618174,56,8,0.214285714286
opvatten,0.303573606843,1.18616971834e-08,147,21,0.047619047619
aannemen,0.303559841558,1.74648309061e-70,1397,200,0.116678596994
doorvoeren,0.303508701567,8.68302971473e-14,252,36,0.246031746032
doorstaan,0.300262480956,1.22736364899e-06,106,15,0.00943396226415
aankondigen,0.299828117097,6.23036539301e-16,290,41,0.155172413793
aanbreken,0.298104239702,0.000200038193703,64,9,0.96875
opgeven,0.297987080049,1.901937937e-14,256,36,0.13671875
terugtrekken,0.291308873224,1.48021504269e-19,348,48,0.0603448275862
opleggen,0.291063430081,7.9564198033e-24,428,59,0.371495327103
opvolgen,0.290942867496,5.30274546013e-42,776,107,0.19587628866
opvoeden,0.289928110488,1.25676395543e-13,233,32,0.283261802575
uitdelen,0.289800525709,1.23528575815e-06,102,14,0.0980392156863
doodschieten,0.289522657123,6.18496257959e-16,277,38,0.15523465704
ophalen,0.287603596226,2.58798865485e-08,132,18,0.106060606061
aanplanten,0.286543551492,8.44364895865e-07,103,14,0.47572815534
instorten,0.28531464156,1.85130620556e-06,96,13,0.979166666667
opleveren,0.285101093715,1.00322079243e-18,325,44,0.107692307692
afwijzen,0.284290872028,4.77203160237e-20,348,47,0.212643678161
aanbieden,0.283103209984,7.37548059136e-42,750,101,0.0386666666667
voorlezen,0.282682721388,9.33566449212e-05,67,9,0.089552238806
overslagen,0.282231518652,1.30720350483e-05,82,11,0.182926829268
teruggeven,0.280253106961,4.009202965e-06,90,12,0.177777777778
opmaken,0.280226831379,1.20567335118e-08,135,18,0.362962962963
weergeven,0.280025332723,1.30175842744e-27,480,64,0.197916666667
blijven,0.279697436632,5.26091575106e-100,1805,241,0.998891966759
oprichten,0.278452139493,3.79599189881e-278,5060,677,0.288339920949
aanhouden,0.278415070979,2.56704222487e-11,181,24,0.21546961326
toebedelen,0.27831087061,8.69302865553e-06,83,11,0.433734939759
overdragen,0.27823154584,5.46091283553e-26,445,59,0.157303370787
ondervinden,0.277228153261,0.000451864655506,53,7,0.0188679245283
toewijzen,0.276691900023,2.49506387526e-25,432,57,0.324074074074
neerschieten,0.276030424843,3.18618949836e-21,357,47,0.187675070028
toetreden,0.276014713737,1.89534446812e-05,76,10,0.986842105263
uitvinden,0.275493421053,6.70481533097e-21,350,46,0.351428571429
waarnemen,0.273352055922,6.58490786896e-33,559,73,0.241502683363
uitkiezen,0.27320571884,2.60095534937e-10,161,21,0.273291925466
aftreden,0.271894342974,1.27902800049e-05,77,10,1.0
neerleggen,0.270367532885,1.16848391542e-09,147,19,0.204081632653
opsporen,0.269888744449,9.17407544199e-05,62,8,0.290322580645
geworden,0.269808488089,0.0,6034,787,0.999668544912
aanmerken,0.269414578294,1.7031488038e-12,194,25,0.273195876289
ombrengen,0.269262306962,7.98215005062e-09,132,17,0.272727272727
inzamelen,0.265675518183,0.00020386200987,55,7,0.254545454545
meedoen,0.265644633595,1.17448628613e-07,110,14,0
afschaffen,0.265055351119,9.89864512334e-26,417,53,0.249400479616
aanleveren,0.264442215856,2.86077914479e-05,71,9,0.0985915492958
bijwonen,0.262905305624,7.8713267812e-08,111,14,0
zitten,0.260654575907,2.17292740394e-29,471,59,0.0212314225053
voorzitten,0.260252852739,0.00020686297695,56,7,0
uitzitten,0.260252852739,0.00020686297695,56,7,0.125
oppikken,0.260230731222,5.45335531761e-07,96,12,0.0520833333333
afzetten,0.259454913802,3.12679106126e-55,905,113,0.341436464088
uitzetten,0.258879524999,2.37015805108e-15,233,29,0.416309012876
afbeelden,0.258242988329,1.00006112905e-44,724,90,0.506906077348
afspelen,0.257438708547,1.58264266572e-14,218,27,0.0183486238532
toegeven,0.255681963086,4.06839516189e-05,65,8,0.0153846153846
overhalen,0.255681963086,4.06839516189e-05,65,8,0.107692307692
opschrijven,0.254628640693,1.14538255493e-07,106,13,0.471698113208
wegnemen,0.253009310315,2.57290030279e-06,82,10,0.207317073171
varen,0.250474269516,7.93045454765e-07,91,11,0.351648351648
afslaan,0.249266665805,5.02766364325e-08,108,13,0.175925925926
overbrengen,0.249233987876,3.36178490068e-25,382,46,0.17277486911
optekenen,0.249089390503,1.54898490468e-09,133,16,0.421052631579
toebrengen,0.248399327376,1.61261582842e-07,100,12,0.14
afmaken,0.245205032576,1.05258940189e-08,118,14,0.169491525424
uitbeelden,0.24490166619,6.79746792811e-10,135,16,0.162962962963
aantreffen,0.244003382133,2.86467106319e-74,1149,136,0.324630113142
bijhouden,0.243949167114,2.16157893181e-09,127,15,0.0393700787402
behoren,0.243949167114,2.16157893181e-09,127,15,0.00787401574803
aandoen,0.243473612883,4.53154117604e-25,373,44,0.30563002681
opschorten,0.242904786729,0.000194968500212,51,6,0.411764705882
toezeggen,0.242878005581,1.11199192974e-07,102,12,0.205882352941
opvoeren,0.240958424102,2.88836199758e-32,479,56,0.062630480167
optreden,0.238044720156,2.58153024773e-22,320,37,0.48125
aanschaffen,0.235023364886,1.32215118789e-10,140,16,0.285714285714
achterlaten,0.232880295755,3.21444796554e-30,432,49,0.231481481481
toedienen,0.229594792997,2.79400740254e-10,134,15,0.10447761194
aanzien,0.229171215539,7.81239875728e-13,170,19,0.0529411764706
uitzenden,0.228617891723,3.10322184024e-221,3262,366,0.0603923973023
treden,0.216835349338,2.21642888651e-11,141,15,0.943262411348
tegenhouden,0.216419394208,2.48941843981e-09,113,12,0.0619469026549
invoeren,0.215592337602,2.45651940581e-63,868,92,0.229262672811
afnemen,0.215368904493,7.5662899664e-30,397,42,0.554156171285
ingaan,0.21526687049,5.30937279145e-10,123,13,0.772357723577
hebben,0.211612441376,8.11131937436e-147,2010,210,0
zijn,0.211383825117,0.0,6166,649,0.996918585793
afleveren,0.208556321009,4.07211836616e-12,146,15,0.308219178082
ondergaan,0.207452063144,2.4348045047e-30,391,40,0.0332480818414
toevertrouwen,0.206208094793,4.50484918353e-10,118,12,0.35593220339
overgelaten,0.204932566556,8.18168276043e-08,89,9,0.0674157303371
uitmaken,0.20399879692,1.31955309397e-11,139,14,0.0359712230216
afschilderen,0.202411087997,1.97085732001e-06,70,7,0.0285714285714
intrekken,0.202370091134,2.31131272802e-13,160,16,0.35
afbranden,0.200668088322,2.59266117297e-11,131,13,0.931297709924
aflossen,0.199247866488,1.25951232447e-06,71,7,0.0704225352113
aanleggen,0.199183899142,2.72644586411e-132,1719,170,0.370564281559
stappen,0.198383996181,9.71057652241e-10,112,11,0.9375
bijzetten,0.196916732262,8.01909850063e-11,123,12,0.252032520325
uitschrijven,0.196438514451,6.07173674412e-10,113,11,0.451327433628
instellen,0.194492615359,2.86871209094e-56,704,68,0.353693181818
uitroepen,0.192950209656,3.67375608354e-43,532,51,0.191729323308
aanhangen,0.1897673691,2.04534991828e-05,53,5,0.0188679245283
afstaan,0.18805277403,1.17216107028e-17,203,19,0.118226600985
aanvragen,0.186442897035,1.2176834945e-12,140,13,0.214285714286
oeisen,0.185259226131,1.68251507371e-06,65,6,0.0923076923077
stopzetten,0.185046396326,3.22080203495e-23,271,25,0.114391143911
opgaan,0.18206064009,1.68820883411e-28,330,30,0.99696969697
inlijven,0.179746824168,1.91110414951e-22,256,23,0.18359375
gaan,0.179401395415,1.05117864481e-144,1734,156,0.969434832757
afgeven,0.176914583624,1.82602245709e-17,192,17,0.244791666667
voorleggen,0.176279772449,1.02924998787e-09,102,9,0.117647058824
aanbrengen,0.175349900221,7.48747524411e-99,1159,102,0.560828300259
overlopen,0.175167951244,5.28286359865e-06,57,5,0.964912280702
meemaken,0.17440434322,1.54234123881e-25,286,25,0
uitbreken,0.173057736892,8.59736219034e-24,265,23,0.996226415094
voortbrengen,0.170241915148,1.39193019619e-24,269,23,0.0557620817844
uitreiken,0.165992625831,4.07995101504e-87,980,82,0.0469387755102
afleggen,0.165491361014,5.21318357696e-34,372,31,0.0913978494624
toekennen,0.162487465871,6.11784545426e-88,975,80,0.156923076923
toenemen,0.161376795483,1.27979933227e-16,172,14,0.994186046512
staan,0.159653536694,9.49902045053e-126,1386,112,0
doormaken,0.159160851399,2.70875904779e-11,112,9,0
binnenhalen,0.156142335829,4.51272663987e-08,76,6,0.210526315789
indienen,0.155676056573,4.09449898604e-28,292,23,0.27397260274
nalaten,0.151762186675,1.81380416825e-19,195,15,0.0923076923077
inslaan,0.149724291516,1.13798297303e-08,79,6,0.721518987342
opwerpen,0.14770058385,1.15383524656e-08,80,6,0.325
afstoten,0.145740207922,2.60211588927e-06,54,4,0.0740740740741
bezighouden,0.142882163643,1.66217199135e-06,55,4,0.0181818181818
aanrichten,0.141000713109,1.71669780991e-17,167,12,0.11377245509
opdoen,0.139407080023,2.46501952755e-23,225,16,0.142222222222
aangaan,0.13628739564,8.18034285307e-17,158,11,0.689873417722
oplopen,0.134499611036,8.21192361755e-48,465,32,0.137634408602
neerzetten,0.133427563044,3.41234208657e-26,249,17,0.156626506024
neerslaan,0.132098846622,3.09199028495e-22,207,14,0.275362318841
overgeven,0.124197978907,6.58763654406e-11,94,6,0.0425531914894
binnenvallen,0.123486658534,1.76541298288e-14,126,8,1.0
voordoen,0.110870208145,1.1006364227e-14,122,7,0
afkondigen,0.110870208145,1.1006364227e-14,122,7,0.213114754098
doorbrengen,0.107118446155,1.56956763373e-25,216,12,0.00925925925926
deelnemen,0.104942697001,9.96964871147e-76,660,36,0.00606060606061
opsommen,0.0993667318451,1.03601795488e-07,58,3,0.672413793103
binnenkomen,0.0867468246052,3.13648722487e-09,66,3,1.0
kwijtraken,0.0852005867242,4.12032084158e-23,179,8,1.0
plaatsvinden,0.0542951319771,4.71424241028e-147,1034,30,0
opzeggen,0.0520469745793,2.57899720576e-11,72,2,0.0138888888889
toeleggen,0.0515362865364,2.00614892355e-32,218,6,0.00917431192661
