Verb,Unconditional MLE,Fisher's p,Verb frequency,Collostruction frequency,'Zijn' ratio
toebehoren,inf,5.14082791273e-15,76,76,0
malen,inf,3.02802855267e-11,56,56,0.125
toeleggen,19.3828638123,2.07809615779e-32,218,212,0.00917431192661
opzeggen,19.2065654064,2.58414231989e-11,72,70,0.0138888888889
plaatsvinden,18.3236384302,2.16505065052e-146,1034,1004,0
kwijtraken,11.7266895621,4.09312960458e-23,179,171,1.0
binnenkomen,11.5240639798,3.14613489605e-09,66,63,1.0
opsommen,10.060872875,1.03578298152e-07,58,55,0.672413793103
deelnemen,9.49825739162,1.978299441e-75,660,624,0.00606060606061
doorbrengen,9.32560572111,1.62177804079e-25,216,204,0.00925925925926
voordoen,9.01418251511,1.10760787017e-14,122,115,0
afkondigen,9.01418251511,1.10760787017e-14,122,115,0.213114754098
binnenvallen,8.09307266383,1.7846513879e-14,126,118,1.0
overgeven,8.04797625403,6.58621366408e-11,94,88,0.0425531914894
neerslaan,7.56247348195,3.18011548163e-22,207,193,0.275362318841
neerzetten,7.48563668733,3.41731827458e-26,249,232,0.156626506024
oplopen,7.41817237032,1.3901962381e-47,465,433,0.137634408602
aangaan,7.33180693525,8.15529250309e-17,158,147,0.689873417722
opdoen,7.16540587727,2.51750885327e-23,225,209,0.142222222222
aanrichten,7.08641818157,1.72806167449e-17,167,155,0.11377245509
bezighouden,6.99690800932,1.66548068166e-06,55,51,0.0181818181818
afstoten,6.8597292538,2.6057323352e-06,54,50,0.0740740740741
opwerpen,6.76783080547,1.15356598256e-08,80,74,0.325
inslaan,6.67638873984,1.14258021359e-08,79,73,0.721518987342
nalaten,6.58303927775,1.84724856245e-19,195,180,0.0923076923077
indienen,6.41452688464,6.79089943945e-28,292,269,0.27397260274
binnenhalen,6.40206005907,4.51489591544e-08,76,70,0.210526315789
doormaken,6.27955259208,2.71200339875e-11,112,103,0
staan,6.22161776399,1.1314161918e-124,1386,1274,0
toenemen,6.19153124022,1.28443457072e-16,172,158,0.994186046512
toekennen,6.12534870172,2.08738984742e-87,975,895,0.156923076923
afleggen,6.03176657515,5.48241164445e-34,372,341,0.0913978494624
uitreiken,5.9958796664,1.38201341616e-86,980,898,0.0469387755102
voortbrengen,5.86637871394,2.29102519047e-24,269,246,0.0557620817844
uitbreken,5.77104275627,8.55746050632e-24,265,242,0.996226415094
meemaken,5.72590580598,1.57309915178e-25,286,261,0
overlopen,5.70724029958,5.29051997848e-06,57,52,0.964912280702
aanbrengen,5.67105630828,4.34892697049e-98,1159,1057,0.560828300259
voorleggen,5.67001562112,1.02844079492e-09,102,93,0.117647058824
afgeven,5.6472223504,1.8611434299e-17,192,175,0.244791666667
inlijven,5.55653052438,1.90507153079e-22,256,233,0.18359375
gaan,5.52758511631,6.10578503808e-143,1734,1578,0.969434832757
opgaan,5.48396156282,2.76519994909e-28,330,300,0.99696969697
stopzetten,5.39701423836,3.21628930224e-23,271,246,0.114391143911
oeisen,5.3961563543,1.68617066431e-06,65,59,0.0923076923077
aanvragen,5.35996616225,1.23095455549e-12,140,127,0.214285714286
afstaan,5.31247343475,1.8939856986e-17,203,184,0.118226600985
aanhangen,5.26826949004,2.04821751474e-05,53,48,0.0188679245283
uitroepen,5.16945914861,6.02774713999e-43,532,481,0.191729323308
instellen,5.12422627283,8.10671949075e-56,704,636,0.353693181818
uitschrijven,5.08789453197,6.07446374506e-10,113,102,0.451327433628
bijzetten,5.07529535279,8.07416795293e-11,123,111,0.252032520325
stappen,5.03802461625,9.69384625968e-10,112,101,0.9375
aflossen,5.0171675743,1.26114172699e-06,71,64,0.0704225352113
afbranden,4.98022751002,2.61601533846e-11,131,118,0.931297709924
aanleggen,4.97913239678,8.04899070822e-131,1719,1549,0.370564281559
afschilderen,4.93878550575,1.97169458578e-06,70,63,0.0285714285714
intrekken,4.93765721929,2.32049998429e-13,160,144,0.35
uitmaken,4.89872933748,1.31662925396e-11,139,125,0.0359712230216
overgelaten,4.87757629124,8.18268210855e-08,89,80,0.0674157303371
toevertrouwen,4.84673329958,4.5273402928e-10,118,106,0.35593220339
ondergaan,4.81137808112,3.92503557828e-30,391,351,0.0332480818414
afleveren,4.7915213329,4.11703034236e-12,146,131,0.308219178082
hebben,4.68021944601,1.09982515732e-144,2010,1800,0
ingaan,4.64266904321,5.30564685224e-10,123,110,0.772357723577
afnemen,4.63439577436,1.2137441158e-29,397,355,0.554156171285
invoeren,4.61916167751,7.1615844546e-63,868,776,0.229262672811
tegenhouden,4.61816606997,2.49770800966e-09,113,101,0.0619469026549
treden,4.60869100957,2.23516655004e-11,141,126,0.943262411348
zijn,4.59114220668,0.0,6166,5517,0.996918585793
aanzien,4.3600187211,7.87378072951e-13,170,151,0.0529411764706
toedienen,4.35272159859,2.79526697314e-10,134,119,0.10447761194
uitzenden,4.30612379677,5.89065691274e-216,3262,2896,0.0603923973023
achterlaten,4.28522755675,5.03593222156e-30,432,383,0.231481481481
aanschaffen,4.25206403461,1.3335862277e-10,140,124,0.285714285714
optreden,4.19450378196,3.99704686714e-22,320,283,0.48125
opvoeren,4.14065295504,4.68335930675e-32,479,423,0.062630480167
opschorten,4.11584283729,0.000195129545319,51,45,0.411764705882
toezeggen,4.11529994496,1.11105316636e-07,102,90,0.205882352941
aandoen,4.09994972177,4.53750193603e-25,373,329,0.30563002681
bijhouden,4.09674407,2.1712863655e-09,127,112,0.0393700787402
behoren,4.09674407,2.1712863655e-09,127,112,0.00787401574803
uitbeelden,4.08065603061,6.84021616169e-10,135,119,0.162962962963
aantreffen,4.07595007245,1.32567540006e-73,1149,1013,0.324630113142
afmaken,4.07593656804,1.05352817488e-08,118,104,0.169491525424
toebrengen,4.02386704898,1.61674997243e-07,100,88,0.14
optekenen,4.01209174182,1.55070423438e-09,133,117,0.421052631579
afslaan,4.00971394763,5.04656717238e-08,108,95,0.175925925926
overbrengen,4.00502745152,5.43069071545e-25,382,336,0.17277486911
varen,3.99070421337,7.93339390443e-07,91,80,0.351648351648
wegnemen,3.95088850855,2.58031562449e-06,82,72,0.207317073171
opschrijven,3.92531668586,1.14593135246e-07,106,93,0.471698113208
toegeven,3.90990533331,4.07121235826e-05,65,57,0.0153846153846
overhalen,3.90990533331,4.07121235826e-05,65,57,0.107692307692
afspelen,3.88041194107,1.61226121991e-14,218,191,0.0183486238532
afbeelden,3.85905311688,1.65835322957e-44,724,634,0.506906077348
uitzetten,3.85854215364,2.42070103462e-15,233,204,0.416309012876
voorzitten,3.84139929177,0.000206835498084,56,49,0
uitzitten,3.84139929177,0.000206835498084,56,49,0.125
oppikken,3.84099877272,5.46792100459e-07,96,84,0.0520833333333
afzetten,3.83772862154,5.54734547508e-55,905,792,0.341436464088
zitten,3.82794769504,3.4491692201e-29,471,412,0.0212314225053
bijwonen,3.80165491827,7.89898375166e-08,111,97,0
aanleveren,3.78027559792,2.86013848661e-05,71,62,0.0985915492958
afschaffen,3.7653617607,1.58000174083e-25,417,364,0.249400479616
inzamelen,3.76301190129,0.000204104147117,55,48,0.254545454545
meedoen,3.76247111557,1.17664695666e-07,110,96,0
ombrengen,3.71153604889,7.99358196169e-09,132,115,0.272727272727
aanmerken,3.70835178809,1.7246948438e-12,194,169,0.273195876289
opsporen,3.70414598444,9.18547969167e-05,62,54,0.290322580645
neerleggen,3.69610239347,1.17052770341e-09,147,128,0.204081632653
aftreden,3.67656284825,1.28144152895e-05,77,67,1.0
uitkiezen,3.65746525389,2.59748533713e-10,161,140,0.273291925466
waarnemen,3.64863702774,1.03596475523e-32,559,486,0.241502683363
uitvinden,3.62385928015,6.83339743646e-21,350,304,0.351428571429
toetreden,3.62169697103,1.8974113966e-05,76,66,0.986842105263
neerschieten,3.61669027608,3.22391763938e-21,357,310,0.187675070028
toewijzen,3.60676659634,2.5458996247e-25,432,375,0.324074074074
ondervinden,3.60623605602,0.000452025557584,53,46,0.0188679245283
geworden,3.60054100125,0.0,6034,5247,0.999668544912
toebedelen,3.59169881514,8.70038281457e-06,83,72,0.433734939759
aanhouden,3.5886956089,2.58220198994e-11,181,157,0.21546961326
overdragen,3.5865898438,8.53266367543e-26,445,386,0.157303370787
teruggeven,3.56669014782,4.01107310109e-06,90,78,0.177777777778
opmaken,3.5662679946,1.20686347504e-08,135,117,0.362962962963
weergeven,3.56302847353,1.33095177139e-27,480,416,0.197916666667
blijven,3.54486746253,1.50252490676e-98,1805,1564,0.998891966759
overslagen,3.54182212417,1.3071573606e-05,82,71,0.182926829268
voorlezen,3.53641885629,9.33551353462e-05,67,58,0.089552238806
aanbieden,3.51980395854,1.19586608867e-41,750,649,0.0386666666667
afwijzen,3.51176126983,4.79532699684e-20,348,301,0.212643678161
oprichten,3.50549224478,1.3187350633e-266,5060,4383,0.288339920949
instorten,3.50331891071,1.85794621986e-06,96,83,0.979166666667
opleveren,3.50216197837,1.00046056955e-18,325,281,0.107692307692
aanplanten,3.48817952777,8.47325865266e-07,103,89,0.47572815534
ophalen,3.47484882509,2.59747694956e-08,132,114,0.106060606061
doodschieten,3.44946165251,6.2455186735e-16,277,239,0.15523465704
uitdelen,3.4489943054,1.23798531514e-06,102,88,0.0980392156863
opvoeden,3.44535178948,1.27337018931e-13,233,201,0.283261802575
opleggen,3.4287635083,1.22154279543e-23,428,369,0.371495327103
terugtrekken,3.42716622154,1.51095372863e-19,348,300,0.0603448275862
opvolgen,3.42455870273,1.29269828138e-41,776,669,0.19587628866
aanbreken,3.35352340247,0.000200158229401,64,55,0.96875
opgeven,3.35181667752,2.83119237943e-14,256,220,0.13671875
aankondigen,3.33070465009,6.23709471759e-16,290,249,0.155172413793
doorstaan,3.32876278324,1.23132537063e-06,106,91,0.00943396226415
opbrengen,3.2926189048,0.00065727575063,56,48,0.214285714286
opvatten,3.29182307548,1.19414216341e-08,147,126,0.047619047619
doorvoeren,3.29090438622,8.65526160793e-14,252,216,0.246031746032
aannemen,3.27265065844,1.10544150833e-69,1397,1197,0.116678596994
wegleggen,3.25784356554,1.21748408317e-06,111,95,0.972972972973
bijdragen,3.24921600842,1.4597942982e-19,374,320,0.00802139037433
overnemen,3.23349212618,8.93210416367e-89,1820,1557,0.18956043956
vastleggen,3.22334193885,3.71187965701e-42,847,724,0.515938606848
afdoen,3.20093372223,3.99373688364e-05,82,70,0.146341463415
overgaan,3.16959296099,5.25821208388e-10,183,156,0.732240437158
meegeven,3.15544072815,0.000969780607571,54,46,0.148148148148
bijstaan,3.15475816993,1.14600059517e-07,135,115,0
afspreken,3.1543029871,3.52914406877e-10,189,161,0.391534391534
afgelasten,3.14280046737,0.000128581268877,74,63,0.216216216216
uitvaardigen,3.13511218396,7.63397031166e-08,141,120,0.212765957447
buitmaken,3.09292174416,0.000189935902803,73,62,0.27397260274
aanrijden,3.08985748978,5.1694656025e-07,126,107,0.18253968254
samenwerken,3.07770266137,3.39487312653e-12,238,202,0.00420168067227
aankopen,3.07509718231,3.32347153115e-11,218,185,0.275229357798
ingesteld,3.07275278889,1.17724178683e-05,99,84,0.555555555556
hangen,3.0644279625,7.19271603659e-10,191,162,0.104712041885
aanmelden,3.05713232207,2.55012702061e-05,92,78,0.20652173913
inrichten,3.05441865696,1.3718380597e-25,539,457,0.552875695733
omkomen,3.04028291753,2.67987378402e-23,491,416,1.0
vaststellen,3.03993042134,1.12838374068e-33,727,616,0.466299862448
uitkomen,3.03771215709,1.01490513968e-12,255,216,0.980392156863
stilleggen,3.03617927007,1.16670882854e-05,98,83,0.214285714286
toepassen,3.03098263761,1.5374377175e-74,1663,1409,0.111846061335
geval,3.02833417733,1.50915499414e-08,163,138,1.0
afluisteren,3.0182613098,0.00204171440214,52,44,0.0576923076923
heten,3.0182613098,0.00204171440214,52,44,0.134615384615
aanspannen,3.00165254367,5.11236839968e-06,110,93,0.354545454545
aansteken,2.99960558564,1.66538388933e-05,97,82,0.340206185567
instemmen,2.98772504417,0.00135080216582,58,49,0
krijgen,2.98603328013,1.19640057967e-111,2572,2175,0.0318818040435
meewerken,2.97282762238,6.43931026576e-10,199,168,0.00502512562814
aanvoeren,2.96509790701,2.9069411365e-16,346,292,0.0722543352601
afblazen,2.94967113499,0.00299128120165,51,43,0.117647058824
optrekken,2.94614828664,2.83764998759e-15,325,274,0.526153846154
inbrengen,2.94272886388,3.11221190745e-07,140,118,0.235714285714
overhandigen,2.92660770923,0.000259122086096,76,64,0.157894736842
toeschrijven,2.89953367874,3.96676700418e-29,667,561,0.104947526237
komen,2.89711227681,5.09809323249e-125,3022,2544,0.997021839841
uitspreken,2.88682981317,1.12393458494e-23,539,453,0.0779220779221
opnemen,2.87202020843,3.1185321595e-155,3823,3215,0.430551922574
overkomen,2.86793320199,6.32982830045e-07,137,115,1.0
inpolderen,2.86579005053,0.00189894603642,56,47,0.446428571429
opstellen,2.85876061655,1.01993360447e-35,846,710,0.419621749409
opblazen,2.85642068284,1.21711069388e-08,180,151,0.188888888889
vasthouden,2.8544115288,1.62104835901e-12,273,229,0.0622710622711
ondernemen,2.85235117311,3.6202606521e-10,217,182,0.110599078341
brengen,2.82168337019,7.82711902695e-137,3454,2896,0.179502026636
vrijspreken,2.82167762064,1.93740058516e-06,129,108,0.209302325581
belanden,2.8072431518,1.56196940314e-09,208,174,0.995192307692
voortzetten,2.80535346144,7.32161652665e-10,214,179,0.0794392523364
opheffen,2.79893876776,6.0516526575e-47,1162,972,0.20395869191
samenbrengen,2.79364466326,0.000792622553878,67,56,0.328358208955
opzetten,2.79009290972,2.08504269562e-94,2404,2011,0.284525790349
overstappen,2.78944190841,0.000516963537446,73,61,0.86301369863
doorgeven,2.77878482564,6.06563148279e-12,273,228,0.142857142857
voordragen,2.76707457474,1.19030809139e-06,139,116,0.26618705036
afwijken,2.74385395314,0.0039609769061,54,45,0.37037037037
overhevelen,2.74380915694,0.00175586307891,60,50,0.116666666667
vrijkomen,2.74376435951,0.00113188391598,66,55,1.0
afkeuren,2.74318188073,7.84237065216e-07,144,120,0.305555555556
uitgebracht,2.73758226187,1.35370775141e-105,2778,2317,0.213462922966
voorstellen,2.72869154935,1.47552976974e-23,586,488,0.134812286689
verlenen,2.71562938422,1.6902054839e-27,697,580,0.182209469154
afdrukken,2.71453412284,1.8133247886e-05,113,94,0.300884955752
eindigen,2.71030742293,6.68753832482e-13,309,257,0.977346278317
inhuren,2.70855030661,1.96710760754e-08,190,158,0.357894736842
overleveren,2.70260389585,9.15520448848e-14,332,276,0.831325301205
neerstorten,2.69388382999,0.00162508939465,65,54,1.0
blootleggen,2.68893905751,0.00249263694288,59,49,0.322033898305
innemen,2.68614063719,1.81551560755e-28,738,613,0.169376693767
achterblijven,2.678954839,5.98683042069e-05,100,83,1.0
oversteken,2.66495394926,1.10235727052e-05,123,102,0.593495934959
inwijden,2.65969412563,2.55072666484e-08,193,160,0.150259067358
kosten,2.65871349179,9.51192289498e-07,152,126,0
meenemen,2.65594790447,1.43918407581e-20,532,441,0.191729323308
afvuren,2.65176649953,2.18628494504e-06,140,116,0.2
afdwingen,2.64668426478,8.39684532741e-05,99,82,0.0707070707071
afslachten,2.64400307469,0.00161613061458,64,53,0.1875
afremmen,2.64400307469,0.00161613061458,64,53,0.046875
bevinden,2.64335764173,8.0766549976e-12,291,241,0.20618556701
voegen,2.64077479294,3.78502896787e-16,413,342,0.118644067797
opbergen,2.6065512763,0.00146253962801,69,57,0.405797101449
verrichten,2.60359042224,2.51663262695e-18,483,399,0.136645962733
losmaken,2.59728412659,0.000401737282558,86,71,0.162790697674
uitkeren,2.5941220936,0.00226400101134,63,52,0.0793650793651
opsluiten,2.58240089073,1.54737145302e-13,354,292,0.375706214689
aanpakken,2.58214267793,0.000168308530104,97,80,0.0824742268041
uitoefenen,2.5689484504,5.64258702471e-15,398,328,0.0276381909548
inschatten,2.56094773759,0.00782858275742,51,42,0.0980392156863
oppakken,2.54414929764,4.0352981011e-16,440,362,0.254545454545
uiten,2.53991624583,2.32997486401e-06,152,125,0.190789473684
aanvallen,2.52925256763,2.94795080747e-30,871,716,0.115958668197
aandringen,2.52432726913,0.00498895623036,56,46,0.0892857142857
onderbrengen,2.50904152215,7.48634568021e-18,502,412,0.567729083665
afbreken,2.49109362121,1.35307153486e-25,749,614,0.275033377837
uitgeven,2.48521266245,8.04782207859e-53,1609,1319,0.187072715973
opbreken,2.46930607797,0.00118197261182,77,63,0.246753246753
terugkeren,2.45256201222,1.6207298378e-14,416,340,0.997596153846
aanwijzen,2.44660327176,2.98265638332e-21,634,518,0.511041009464
aangeven,2.44154584245,9.23921947999e-21,622,508,0.265273311897
uitleggen,2.43834720044,8.59074082757e-06,147,120,0.12925170068
terugroepen,2.43011624232,0.00164526280206,76,62,0.144736842105
weglaten,2.42960462532,5.53690331603e-06,152,124,0.401315789474
aantonen,2.4246187866,4.29883607427e-12,347,283,0.397694524496
ophangen,2.42292294474,1.80463820651e-10,298,243,0.402684563758
loslaten,2.40934502217,4.64236252243e-05,124,101,0.193548387097
aankomen,2.40223014269,1.21118835878e-11,339,276,1.0
omgaan,2.39459591151,0.00620991290898,59,48,0.35593220339
neerhalen,2.39459591151,0.00620991290898,59,48,0.203389830508
opbouwen,2.39249423777,3.15881444688e-36,1166,949,0.631217838765
aanzetten,2.37772188774,0.000558423233813,96,78,0.135416666667
verstrekken,2.3717815009,1.13642751644e-06,181,147,0.204419889503
inzetten,2.36999846118,3.45147834258e-44,1462,1188,0.093023255814
vastzetten,2.36636246254,0.00095394123232,85,69,0.329411764706
omzetten,2.36522587338,5.13135242199e-21,670,544,0.117910447761
invullen,2.35709030732,2.20885845918e-05,143,116,0.258741258741
gooien,2.3535834966,2.50228394216e-11,344,279,0.130813953488
opgroeien,2.35052458552,7.46324918766e-09,259,210,1.0
meekrijgen,2.34471380156,0.00861001588824,58,47,0
uitscheiden,2.34125094701,0.00202513929426,79,64,0.0126582278481
naleven,2.33207263182,0.00130245615882,84,68,0.0238095238095
uitbouwen,2.33207263182,0.00130245615882,84,68,0.238095238095
opstijgen,2.30484140785,0.0135366210507,52,42,1.0
nastreven,2.30467411612,0.00281124229197,78,63,0.025641025641
aanspreken,2.30433947466,6.94219797114e-05,130,105,0.0461538461538
afronden,2.29946992295,1.78553512816e-17,582,470,0.439862542955
wekken,2.29614667106,4.05369561531e-05,140,113,0.15
inbreken,2.29483146585,0.0119647584599,57,46,0.228070175439
inhuldigen,2.28648470174,0.00757730159926,62,50,0.0806451612903
omkopen,2.28648470174,0.00757730159926,62,50,0.403225806452
nemen,2.28468252739,2.72083520869e-80,2926,2363,0.17976760082
wegsturen,2.27941730509,0.00680180795531,67,54,0.298507462687
uitvallen,2.2594259761,0.00157682689019,87,70,1.0
uitwijken,2.25256733405,0.000905396277869,97,78,0.855670103093
uitstellen,2.25124962528,3.19574160562e-05,148,119,0.22972972973
opofferen,2.24996932169,0.0186154269966,51,41,0.137254901961
uitvoeren,2.24502235098,3.84022166173e-73,2761,2222,0.197754436798
laten,2.24024548102,3.12781691881e-12,412,331,0.135922330097
plegen,2.23481996064,1.75625203106e-25,925,743,0.205405405405
opkopen,2.22088041612,0.000719221125216,106,85,0.141509433962
meebrengen,2.21966155094,0.000460146791775,111,89,0.198198198198
afvoeren,2.21532885955,6.62594900998e-08,257,206,0.0817120622568
uitvechten,2.20682918261,7.4761498436e-07,216,173,0.0740740740741
hergebruiken,2.19503524634,0.0143520074113,60,48,0.383333333333
inkorten,2.19494262994,0.00514601063867,75,60,0.333333333333
uitlenen,2.1948191319,0.00123358979796,95,76,0.178947368421
uitwisselen,2.19478825569,0.00108358782412,100,80,0.04
weghalen,2.19466474405,0.000266415642703,120,96,0.366666666667
overplaatsen,2.16462085517,8.97516365978e-06,183,146,0.174863387978
vrijlaten,2.15356567529,1.34648683657e-09,340,271,0.170588235294
verzet,2.15279762322,0.0124062052066,64,51,0.125
formeren,2.15279762322,0.0124062052066,64,51,0.203125
aanklagen,2.1489522908,0.000479841946484,118,94,0.279661016949
afgraven,2.13992823572,0.0014582772407,98,78,0.510204081633
opslaan,2.13977168621,3.29758596461e-16,623,496,0.404494382022
verwerven,2.13130167906,1.50173638937e-10,391,311,0.079283887468
uitgebreid,2.12869968947,2.03002261371e-16,640,509,0.1625
opeten,2.12586139044,7.23619623176e-05,156,124,0.108974358974
aanduiden,2.12283217873,8.43567357036e-38,1573,1251,0.0464081373172
geraken,2.12269545188,1.69396190077e-36,1519,1208,0.730743910467
vormgeven,2.1217874779,0.0069465971475,73,58,0.493150684932
uitgroeien,2.11927877253,2.80746671929e-06,214,170,1.0
opstarten,2.08911687199,0.00049319331695,125,99,0.248
optellen,2.0852096535,0.00932738523789,72,57,0.0416666666667
vastmaken,2.08492576948,0.000759509278811,120,95,0.483333333333
wegvoeren,2.06838354675,0.0166613113835,62,49,0.322580645161
aflopen,2.06554704853,5.8223327101e-09,348,275,0.994252873563
constateren,2.04843960887,2.59744223381e-06,232,183,0.327586206897
voortkomen,2.04785056511,7.24711388804e-08,303,239,1.0
aanstellen,2.04316866475,1.04133018802e-16,719,567,0.283727399166
slepen,2.03351559072,0.0070676257709,80,63,0.1
omdopen,2.03345689264,3.56350091244e-09,372,293,0.120967741935
uitbroeden,2.02617622196,0.0223379070409,61,48,0.0983606557377
afkoelen,2.02345716931,0.0108321062597,75,59,0.706666666667
uitroeien,2.01909971987,0.00132116633905,117,92,0.487179487179
uitmoorden,2.01213385207,0.0350485161853,56,44,0.375
afschieten,2.01189280516,0.00304786104545,98,77,0.142857142857
opgewekt,2.01133019207,2.5600943164e-05,196,154,0.127551020408
terugvinden,2.00803080157,2.78725917468e-09,387,304,0.434108527132
voorschrijven,1.99982955585,0.000446826527852,144,113,0.361111111111
opknappen,1.99901634112,0.0192775699509,65,51,0.615384615385
afwerpen,1.98916578617,0.0144780319429,74,58,0.189189189189
leggen,1.98264660639,2.12544885804e-23,1119,877,0.222520107239
boeken,1.98130458939,1.01394609961e-05,226,177,0.185840707965
spuiten,1.97547518683,0.0166749860503,69,54,0.246376811594
steken,1.96456155111,2.68116799449e-10,463,362,0.222462203024
aantasten,1.96086184623,3.66004290105e-07,302,236,0.44701986755
ombouwen,1.9560330621,1.37585716482e-06,274,214,0.372262773723
opleiden,1.94991989255,7.12543532354e-09,401,313,0.346633416459
uitdrukken,1.94481161085,4.40460144937e-05,200,156,0.09
opvangen,1.92937798927,6.7389053074e-06,253,197,0.0830039525692
roepen,1.92680219037,2.76427090449e-07,325,253,0.295384615385
verwekken,1.92038381315,0.00345794123435,108,84,0.314814814815
opgraven,1.9199365338,9.76901660561e-05,189,147,0.455026455026
uitnodigen,1.91033526299,2.11998557022e-09,453,352,0.300220750552
afsluiten,1.8845799865,2.35646709077e-14,755,585,0.298013245033
aandrijven,1.87621712239,1.25122408241e-08,429,332,0.018648018648
oproepen,1.87184653013,2.91567253065e-09,468,362,0.102564102564
afdekken,1.86562068339,0.0137519443325,88,68,0.340909090909
meevoeren,1.86562068339,0.0137519443325,88,68,0.170454545455
aanmoedigen,1.85199870128,0.0328463359861,70,54,0.0285714285714
uitwerken,1.84392540308,2.31239555729e-05,253,195,0.387351778656
verschijnen,1.83928704695,1.00246114115e-12,706,544,1.0
bezorgd,1.83594045517,0.00567183643648,113,87,0.0884955752212
afsplitsen,1.83583911317,0.000102862937101,213,164,0.225352112676
toedoen,1.8292291466,0.0807088496086,52,40,0.980769230769
vergaren,1.82916024653,0.0381097599982,65,50,0.0923076923077
overeenkomen,1.82233136212,0.0042385080204,121,93,0.661157024793
samenvoegen,1.82041119258,7.14869028073e-09,484,372,0.219008264463
overtreden,1.81944307066,0.0206611953937,82,63,0.109756097561
afscheiden,1.81556966343,3.76002907651e-05,250,192,0.184
aanvullen,1.80889108324,0.00116343189955,159,122,0.14465408805
dragen,1.80339132128,9.52864846912e-07,356,273,0.418539325843
vrijgeven,1.80020200682,0.00305747916914,137,105,0.284671532847
aanbevelen,1.78341422746,0.0423931767703,68,52,0.0735294117647
deporteren,1.7783986767,0.00603950809629,123,94,0.252032520325
deponeren,1.77292826145,0.0683525460713,55,42,0.345454545455
opmerken,1.77277169958,9.67237117051e-06,309,236,0.106796116505
goedkeuren,1.762040142,3.96921240493e-07,413,315,0.384987893462
blazen,1.76037971949,0.0162470403243,101,77,0.0594059405941
droogleggen,1.75600178295,0.0643561035828,63,48,0.460317460317
samenstellen,1.75430594005,1.46647017818e-10,664,506,0.605421686747
blootstellen,1.74600659889,1.42485474039e-06,385,293,0.303896103896
voltrekken,1.74396730963,0.00890461130596,117,89,0.222222222222
blijken,1.74140029694,1.68891179999e-05,309,235,1.0
doordringen,1.74056828734,0.00769943736695,121,92,0.95867768595
eisen,1.7324142566,0.00264289057682,158,120,0.101265822785
terugbrengen,1.73157434851,0.000416966130728,212,161,0.264150943396
afvallen,1.73071959943,0.0883753487898,54,41,1.0
aanraken,1.71766563213,0.0238808162774,95,72,0.136842105263
ingeven,1.71077404952,0.0601715422035,70,53,0.614285714286
weglopen,1.70393829915,0.043932837257,78,59,1.0
overleven,1.69720328629,1.32214908055e-06,426,322,0.00704225352113
meerekenen,1.69600179306,0.0355815516411,90,68,0.1
uitrusten,1.69280750076,1.21710270093e-08,593,448,0.804384485666
afwerken,1.6891153747,0.00419418023114,155,117,0.361290322581
indelen,1.68614266012,9.24843826883e-08,530,400,0.420754716981
openstellen,1.68134115148,0.0116232281513,126,95,0.301587301587
lopen,1.68040693533,3.12418544615e-07,492,371,0.30081300813
geven,1.67807972623,5.19096116948e-43,3550,2682,0.11323943662
zenden,1.67483794249,0.00063894832483,227,171,0.20704845815
sturen,1.65985382044,1.20933727325e-13,1073,807,0.206896551724
afsnijden,1.65786631097,0.00302802402859,181,136,0.353591160221
verheffen,1.65729712494,2.25323688674e-05,354,266,0.225988700565
opslokken,1.64630170229,0.146346111659,52,39,0.134615384615
aanbouwen,1.64622398807,0.0764624354836,68,51,0.514705882353
wonen,1.63399797515,9.04811129316e-06,414,310,0
introduceren,1.63013207012,4.2598813207e-11,907,679,0.216097023153
oplossen,1.6300310665,3.08105615959e-06,457,342,0.527352297593
verrijden,1.62512058167,4.35168600875e-06,452,338,0.0309734513274
ondertekenen,1.62317297422,0.00020420127002,297,222,0.23569023569
begaan,1.61104776467,0.000755003009813,252,188,0.269841269841
ontmoeten,1.60392590286,5.26857912378e-05,369,275,0
halen,1.59803648019,6.33115431961e-14,1267,944,0.157063930545
terechtkomen,1.59093220759,0.011754867564,156,116,1.0
aantrekken,1.58960322751,0.000702672284831,269,200,0.159851301115
aansturen,1.58924330287,0.0304291162054,113,84,0.0265486725664
emigreren,1.58723494544,0.035263388378,109,81,1.0
stellen,1.5780490196,1.79341274231e-22,2255,1676,0.235920177384
houden,1.5771569389,3.56840175204e-63,6761,5042,0.0465907410146
roven,1.57310272658,0.13351743813,58,43,0.241379310345
doortrekken,1.56523030244,0.0224977036112,131,97,0.335877862595
onthullen,1.56275897445,0.00427517476879,204,151,0.107843137255
genieten,1.55607371048,0.00744994421216,188,139,0.0425531914894
ervaren,1.55478380499,4.44628735579e-05,422,312,0.042654028436
uitstoten,1.55475930395,0.130237133796,69,51,0.130434782609
zorgen,1.55379966931,0.00103758324053,276,204,0.0144927536232
aanwennen,1.54444038826,0.050755930728,103,76,0.0679611650485
vervaardigen,1.53845628798,9.18285210676e-07,636,469,0.336477987421
scoren,1.53776548353,0.00511566801922,213,157,0.0845070422535
omvormen,1.53220420379,0.00353535521531,239,176,0.188284518828
toelaten,1.52970859222,7.19101427453e-06,546,402,0.265567765568
uitbetalen,1.5242772764,0.129731837699,68,50,0.0735294117647
fusilleren,1.52143747472,0.107525957111,83,61,0.325301204819
inlichten,1.51712211204,0.151686060058,64,47,0.296875
indrukken,1.51683141969,0.0415757236245,128,94,0.21875
inschakelen,1.51683141969,0.0415757236245,128,94,0.3125
verslaan,1.5135036539,7.09273750444e-10,1081,794,0.300647548566
kopen,1.50955980254,4.09622423117e-08,868,637,0.124423963134
verwoorden,1.50907012321,0.17778067643,60,44,0.216666666667
betitelen,1.50179991606,0.137522586736,71,52,0.0704225352113
omdraaien,1.49994194509,0.208879660062,56,41,0.446428571429
vergaan,1.49245912465,0.103279292848,93,68,1.0
stoten,1.48939065601,0.12474797381,78,57,0.217948717949
inhalen,1.47156093904,0.13150335108,81,59,0.148148148148
beschouwen,1.4696765067,2.24142518179e-19,2645,1930,0.0272211720227
doorlopen,1.46683410628,0.0295367575408,169,123,0.147928994083
overblijven,1.46463890553,0.00381488393831,290,211,1.0
ingrijpen,1.463361306,0.259120347198,55,40,0.0545454545455
storten,1.46307028213,0.0704599919097,121,88,0.388429752066
inbouwen,1.45943445689,0.0157868844455,205,149,0.565853658537
vertonen,1.45770079361,0.0037955594555,289,210,0.124567474048
verzoeken,1.45682944369,0.0849700752791,106,77,0.0566037735849
verblijven,1.4541360676,0.178175538578,73,53,0.109589041096
geleden,1.45035411853,0.00560193769711,277,201,0.043321299639
oprollen,1.45031269518,0.305153152362,51,37,0.490196078431
aanleren,1.44404491583,0.207838443716,69,50,0.188405797101
opsplitsen,1.43850146835,0.0403374109707,163,118,0.269938650307
meetellen,1.43142689998,0.168157585076,83,60,0.0602409638554
creëren,1.42741728244,5.1421065067e-05,631,456,0.19175911252
gevallen,1.42646406594,8.71121847394e-05,591,427,0.998307952623
overlijden,1.42399082029,4.80337993107e-12,1837,1328,0.999455634186
schenken,1.42017717865,0.000297988982635,510,368,0.203921568627
voldaan,1.40868779272,0.000594180266005,482,347,0.381742738589
formuleren,1.4067177949,0.0759436032045,139,100,0.446043165468
afstemmen,1.40389813545,0.10577362514,121,87,0.793388429752
aanpassen,1.40357457019,3.60056830642e-05,709,510,0.521861777151
uitspelen,1.39657973326,0.121519596798,117,84,0.529914529915
grijpen,1.38975129526,0.0677986701998,159,114,0.106918238994
exposeren,1.38801789856,0.281809912615,60,43,0.0666666666667
injecteren,1.38801789856,0.281809912615,60,43,0.166666666667
vertolken,1.38600672085,0.103545097298,134,96,0.0597014925373
werpen,1.38337767221,0.0703509484373,162,116,0.117283950617
dienen,1.37878714861,0.00644170056042,355,254,0.0507042253521
gieten,1.37700721197,0.0663242100914,172,123,0.337209302326
aanhalen,1.37180651286,0.234233823001,77,55,0.0649350649351
stichten,1.37054692638,8.69568087236e-07,1164,832,0.213058419244
ontstaan,1.36512915476,5.31354537937e-16,3217,2301,1.0
vervoeren,1.36329867082,0.00474639014832,401,286,0.1072319202
ontvangen,1.35905770767,1.62259751094e-06,1164,830,0.138316151203
herdenken,1.35549706033,0.148812765729,118,84,0
stijgen,1.35236643766,0.103504431232,149,106,1.0
terechtstellen,1.34891733231,0.25119131198,83,59,0.228915662651
gezien,1.34292733918,6.11705054076e-17,3820,2721,0.0387434554974
opwarmen,1.34138221359,0.352843808794,62,44,0.338709677419
planten,1.33936322247,0.175685678507,117,83,0.42735042735
uithalen,1.33760001348,0.39789647041,55,39,0.2
delven,1.33601053334,0.289648097663,79,56,0.113924050633
aanroepen,1.33263078536,0.324211290807,72,51,0.0138888888889
ratificeren,1.3234649153,0.410185826709,58,41,0.206896551724
verwerpen,1.32104626798,0.105853862139,167,118,0.179640718563
afleiden,1.3196562993,1.38973686697e-05,1157,818,0.885911840968
aanmaken,1.31863727826,0.0989187998356,177,125,0.141242937853
uitsterven,1.31559187449,0.0111345865323,408,288,1.0
torpederen,1.3065037263,0.323620042455,71,50,0.112676056338
verklaren,1.30586153885,0.000192334049521,921,649,0.312703583062
uitsturen,1.3033055259,0.397611358834,54,38,0.277777777778
terugkomen,1.3033055259,0.397611358834,54,38,0.962962962963
trekken,1.29622391571,0.000958077810884,761,535,0.332457293035
verkleinen,1.29495414535,0.305785456023,84,59,0.166666666667
aanraden,1.29118820454,0.409147950023,57,40,0.157894736842
duwen,1.28859015648,0.190953566116,144,101,0.0902777777778
arriveren,1.28496409433,0.227572237269,127,89,1.0
schuiven,1.28278397986,0.109704551471,207,145,0.299516908213
tekenen,1.28108265146,0.00103109836819,825,578,0.212121212121
tonen,1.26485723337,0.00424552320965,695,485,0.0258992805755
veroveren,1.26149910256,0.000359689598489,1101,768,0.176203451408
handelen,1.25782836543,0.151019448805,191,133,0.0471204188482
interviewen,1.25424925337,0.450621289796,69,48,0.130434782609
overschrijden,1.24891590556,0.237972738805,154,107,0.181818181818
verleggen,1.24697159396,0.315347438027,108,75,0.203703703704
verzamelen,1.24583390234,0.0123364800589,609,423,0.285714285714
ophouden,1.24059243883,0.468958367558,75,52,0.44
voorbereiden,1.23795835686,0.145962517189,228,158,0.425438596491
executeren,1.23723482353,0.110012023483,267,185,0.187265917603
uitschakelen,1.23660326442,0.00378752027008,880,610,0.220454545455
vastbinden,1.23466618058,0.517005605189,65,45,0.507692307692
zakken,1.23456636408,0.382100301723,91,63,1.0
doen,1.22796290262,1.37685653124e-09,4040,2803,0.149504950495
confisqueren,1.22663434479,0.573358818474,55,38,0.381818181818
distribueren,1.22663434479,0.573358818474,55,38,0.0727272727273
behalen,1.22658129925,0.0036933314332,940,650,0.109574468085
ontkennen,1.22272414937,0.376053854651,113,78,0.0530973451327
ontvluchten,1.22272414937,0.376053854651,113,78,1.0
toevoegen,1.22033443278,0.000115521373139,1731,1196,0.227614095898
beleggen,1.2130196863,0.592551540901,61,42,0.327868852459
publiceren,1.2098468861,0.000321425159943,1640,1130,0.178658536585
toegestaan,1.20781577546,0.0153220951017,763,525,0.733944954128
knippen,1.20723188589,0.516505703566,64,44,0.421875
opdelen,1.20231500311,0.185410955534,249,171,0.530120481928
verzenden,1.20174259942,0.36650130846,134,92,0.223880597015
bestempelen,1.20062525112,0.295959993559,169,116,0.153846153846
verlopen,1.19879604098,0.233787549716,223,153,0.995515695067
herontdekken,1.19723192046,0.533598350961,70,48,0.114285714286
bevelen,1.19198913257,0.513207195854,92,63,0.119565217391
ontzeggen,1.18896586702,0.582582815853,57,39,0.228070175439
schieten,1.18889116711,0.160593254537,320,219,0.25625
erven,1.18375424187,0.21731139049,259,177,0.0501930501931
bekendmaken,1.17979746703,0.599702324527,63,43,0.190476190476
aansluiten,1.17734200577,0.0143075883255,1056,721,0.67803030303
uitgaan,1.17378920952,0.418638168193,135,92,0.340740740741
staken,1.1727360672,0.352389351459,182,124,0.175824175824
plaatsen,1.16963934362,8.30631109407e-05,2905,1983,0.425473321859
lanceren,1.16949991833,0.161106493986,376,256,0.143617021277
propageren,1.16207990072,0.668493951866,53,36,0.0188679245283
verzwelgen,1.16207990072,0.668493951866,53,36,0.22641509434
boren,1.16207990072,0.668493951866,53,36,0.301886792453
graven,1.15979949393,0.28015276591,271,184,0.343173431734
afhandelen,1.1584821838,0.676403563156,56,38,0.321428571429
bombarderen,1.15661935036,0.496196431992,115,78,0.191304347826
ontnemen,1.15355559958,0.506409148142,121,82,0.297520661157
arresteren,1.15230055396,0.115167796883,571,387,0.292469352014
afbouwen,1.14973888831,0.697569789461,65,44,0.430769230769
beëindigen,1.14808878902,0.14240322041,520,352,0.288461538462
annexeren,1.146614199,0.310555179883,272,184,0.268382352941
meeleveren,1.14317356372,0.628791335227,74,50,0.108108108108
decoreren,1.14317356372,0.628791335227,74,50,0.540540540541
uitgraven,1.14133359748,0.635030367914,77,52,0.519480519481
ontsteken,1.14133359748,0.635030367914,77,52,0.285714285714
lokken,1.1380602194,0.646823058356,83,56,0.21686746988
leveren,1.12999566659,0.0596556410342,1113,750,0.101527403414
smeden,1.12492825678,0.789098010484,61,41,0.377049180328
aanslaan,1.1224125446,0.703253023225,67,45,0.34328358209
voorkomen,1.12030431913,0.384675619671,283,190,0.395759717314
slopen,1.11562583219,0.264839881845,507,340,0.248520710059
plakken,1.11301013038,0.684761837623,106,71,0.358490566038
signaleren,1.11256406399,0.688856187884,109,73,0.477064220183
investeren,1.11214154319,0.622848420909,112,75,0.196428571429
voeren,1.09954264978,0.234042740654,743,496,0.0861372812921
invoegen,1.09751440347,0.886984991665,54,36,0.351851851852
pompen,1.09748299619,0.793104221715,63,42,0.047619047619
beroven,1.09742017852,0.728987467986,81,54,0.271604938272
beleven,1.09738876813,0.741459658527,90,60,0.0777777777778
koloniseren,1.09737829776,0.745339888455,93,62,0.279569892473
verwerken,1.09083135552,0.255496247628,814,542,0.556511056511
heffen,1.08870353362,0.602590493254,197,131,0.0152284263959
doorbreken,1.08732328073,0.628447520233,167,111,0.425149700599
persen,1.08477596748,0.715151457586,131,87,0.18320610687
kiezen,1.07911292742,0.081562125712,2379,1581,0.1719209752
slaan,1.07870390659,0.358389279479,686,455,0.276967930029
droppen,1.07549472954,0.809079310891,74,49,0.162162162162
herdrukken,1.07549472954,0.809079310891,74,49,0.202702702703
ontmantelen,1.07360661592,0.899204814054,68,45,0.279411764706
verbouwen,1.07176981392,0.528655005401,396,262,0.169191919192
lozen,1.07135487274,0.894584061389,62,41,0.0645161290323
openen,1.07102287259,0.201713283822,1617,1071,0.272727272727
overheersen,1.06862466978,0.889396889149,56,37,0.0714285714286
detecteren,1.06703030637,0.886553107832,53,35,0.207547169811
overwegen,1.06410892034,0.83224396814,97,64,0.0927835051546
verwoesten,1.05772010121,0.418835709165,965,636,0.278756476684
overvallen,1.05031484366,0.917595138633,102,67,0.196078431373
ruilen,1.04975106642,0.89899128416,67,44,0.0298507462687
insluiten,1.04894164586,0.916371375504,99,65,0.454545454545
bestuderen,1.0487347678,0.717508182526,300,197,0.126666666667
uitverkiezen,1.04759215274,0.896884390319,64,42,0.53125
transformeren,1.04759215274,0.896884390319,64,42,0.3125
noemen,1.04555667948,0.0423300022014,9523,6312,0.0904126850782
besteden,1.04531111085,0.754502030697,279,183,0.139784946237
herbouwen,1.04506281021,0.776031563577,215,141,0.33488372093
onderdrukken,1.04461246696,0.789007495641,244,160,0.118852459016
rijden,1.04457110566,0.586408650656,724,475,0.109116022099
renoveren,1.04428643819,0.912443558885,90,59,0.288888888889
opvullen,1.04375749838,0.848702322278,119,78,0.344537815126
inbedden,1.04262351012,1.0,58,38,0.862068965517
serveren,1.04242929551,0.922708274361,116,76,0.0344827586207
offeren,1.03801052167,0.919626450132,107,70,0.0934579439252
presenteren,1.03296874656,0.755732921178,554,362,0.0379061371841
verlaten,1.03220818825,0.617143277433,1268,829,0.108044164038
beschrijven,1.0301614782,0.578119587363,1718,1123,0.36263096624
doden,1.02926722908,0.616452372072,1416,925,0.206920903955
bouwen,1.02514561359,0.340573159461,6712,4405,0.39794398093
afwisselen,1.02318411593,1.0,106,69,0.00943396226415
ruimen,1.01909827106,1.0,60,39,0.533333333333
ontdekken,1.01775165061,0.734876646395,1877,1222,0.248801278636
beoordelen,1.01744953782,0.937530589561,177,115,0.101694915254
ontwikkelen,1.01687392566,0.69692555132,2619,1706,0.379534173349
vervullen,1.01487746311,0.947114661302,248,161,0.20564516129
uithuwelijken,1.01086574824,1.0,54,35,0.222222222222
rekruteren,1.00965496748,1.0,71,46,0.239436619718
onderdokken,1.00606169827,1.0,51,33,1.0
zuigen,1.00600639435,1.0,68,44,0
promoten,1.00600639435,1.0,68,44,0.0882352941176
bekeren,1.00422230045,1.0,184,119,0.184782608696
wisselen,1.00361979501,1.0,116,75,0.198275862069
drijven,1.00062412459,1.0,274,177,0.13503649635
gedragen,0.999563268501,1.0,1151,744,0.0217202432667
kwalificeren,0.997510950567,1.0,124,80,0.201612903226
beperken,0.997310529963,1.0,186,120,0.139784946237
verschepen,0.995818466434,1.0,76,49,0.131578947368
annuleren,0.995818466434,1.0,76,49,0.184210526316
verkiezen,0.994833283907,0.940525996256,786,507,0.199745547074
wachten,0.991919693682,1.0,73,47,0.041095890411
duren,0.99168484984,1.0,146,94,0
rekenen,0.990162789837,0.875354669135,1113,717,0.0350404312668
elimineren,0.987753058159,1.0,56,36,0.196428571429
vermoorden,0.984444437304,0.715654809455,2395,1542,0.225052192067
maken,0.983851092419,0.429581328099,10700,6956,0.246728971963
berechten,0.983144837257,1.0,67,43,0.253731343284
voetballen,0.978183770057,1.0,64,41,0.046875
versturen,0.977776570603,0.880250986437,192,123,0.166666666667
landen,0.973223622654,0.873480627556,172,110,0.924418604651
bekleden,0.972191126922,0.840972506351,244,156,0.372950819672
ontheffen,0.970817216153,0.902404852605,72,46,0.333333333333
installeren,0.967332351462,0.806994438661,293,187,0.412969283276
vertrekken,0.96486618006,0.68131969225,649,414,0.998459167951
ontwerpen,0.963532453758,0.495567598939,1476,942,0.521680216802
keren,0.960110810565,0.849432172683,121,77,0.446280991736
negeren,0.960007374956,0.800982393811,154,98,0.123376623377
vergroten,0.958199560169,0.741289526227,250,159,0.172
verhuizen,0.957229329184,0.694204277562,346,220,0.884393063584
gunnen,0.955177137665,0.903355738775,74,47,0.418918918919
starten,0.954950728666,0.660050841777,458,291,0.515283842795
wijzigen,0.95456436152,0.676857946977,403,256,0.292803970223
ontruimen,0.954327788644,0.895411441051,63,40,0.238095238095
benutten,0.953597644684,0.845498672656,115,73,0.0782608695652
importeren,0.953597644684,0.845498672656,115,73,0.330434782609
bedenken,0.953213405236,0.588348009736,537,341,0.342644320298
onthalen,0.950102008842,0.843447944946,112,71,0.0178571428571
monteren,0.948607138479,0.594517171664,467,296,0.653104925054
onthoofden,0.947643984296,0.775261395065,120,76,0.191666666667
reizen,0.944940951165,0.832823611311,98,62,0.530612244898
leiden,0.943409135288,0.281096311735,1511,957,0.012574454004
overtreffen,0.940712481595,0.889983196299,57,36,0.245614035088
onderverdelen,0.939201758809,0.576402381685,350,221,0.725714285714
verjagen,0.938946285868,0.725161999133,141,89,0.31914893617
inschrijven,0.937934574286,0.603307486533,328,207,0.615853658537
eren,0.935993528363,0.744994926617,92,58,0.054347826087
vereren,0.935931146924,0.529491862531,398,251,0.0226130653266
ontvoeren,0.935385119169,0.499870934671,471,297,0.339702760085
drukken,0.929729339422,0.445129432544,480,302,0.1625
benaderen,0.928184833182,0.613781623353,210,132,0.219047619048
onderzoeken,0.927843807348,0.470824692682,412,259,0.228155339806
zinken,0.925925059708,0.736035353324,86,54,1.0
heroveren,0.925925059708,0.736035353324,86,54,0.174418604651
willen,0.924920863343,0.746586545439,94,59,0.223404255319
onderhouden,0.924181224228,0.601515825336,196,123,0.117346938776
vernietigen,0.924163679767,0.256086484138,925,581,0.265945945946
benoemen,0.92310287613,0.0900212177172,1982,1246,0.219979818365
werken,0.919507888601,0.156428178041,1258,789,0.0524642289348
passeren,0.914004981629,0.506879837354,248,155,0.637096774194
onttrekken,0.911417736707,0.578068172082,173,108,0.242774566474
winnen,0.909477329375,0.00890591934609,3296,2064,0.0582524271845
vervangen,0.909217167422,0.0347160686687,2132,1333,0.24530956848
bespreken,0.908922530894,0.429080845093,295,184,0.115254237288
doorsnijden,0.907662276551,0.603754822623,146,91,0.212328767123
verleien,0.907509210421,0.706756925588,69,43,0.130434782609
studeren,0.906067819951,0.461882871507,244,152,0.0122950819672
openbaren,0.905288038214,0.613036647834,106,66,0.301886792453
gevangen,0.903702347051,0.228891434197,636,396,0.325471698113
bevestigen,0.90138067993,0.111315185284,1038,646,0.522157996146
veranderen,0.900588270853,0.083094954687,1186,738,0.557335581788
fabriceren,0.895701655913,0.580843064354,129,80,0.186046511628
projecteren,0.893571658521,0.587774098348,92,57,0.119565217391
bestaan,0.891243517271,0.122176441687,770,477,0
verhogen,0.890410035656,0.353738444174,286,177,0.293706293706
beschieten,0.89001107696,0.563918301767,118,73,0.194915254237
wikkelen,0.889743442917,0.59614759648,97,60,0.649484536082
beloven,0.887485426045,0.312169486466,309,191,0.190938511327
informeren,0.886406350797,0.614631266006,68,42,0.367647058824
hijsen,0.883985021804,0.590143169152,94,58,0.127659574468
bevrijden,0.882096299314,0.225949479802,394,243,0.340101522843
dalen,0.881655397437,0.488887736818,146,90,0.993150684932
benadrukken,0.881237138261,0.574205481979,86,53,0
transporteren,0.880472051532,0.413695469358,198,122,0.10101010101
fotograferen,0.878010664231,0.664934994487,52,32,0.230769230769
raadplegen,0.87797276104,0.606053919527,65,40,0.338461538462
evenaren,0.877934856181,0.636012710941,78,48,0.448717948718
onderwijzen,0.876203229501,0.352180112851,213,131,0.0704225352113
bereid,0.875923081519,0.411034491834,161,99,0.149068322981
bevorderen,0.875023393551,0.335613024449,231,142,0.151515151515
vernemen,0.874916365774,0.523510452876,96,59,0.125
schrappen,0.873996635505,0.446860421603,153,94,0.228758169935
omschrijven,0.873766639782,0.22873003305,332,204,0.153614457831
veroordelen,0.87353035072,0.037546263541,1005,618,0.399004975124
gesticht,0.873123706229,0.277421424601,267,164,0.449438202247
schetsen,0.873007287385,0.678096050781,57,35,0.105263157895
beantwoorden,0.872841840895,0.493693507888,114,70,0.140350877193
hopen,0.872248199973,0.353863205005,215,132,0.0651162790698
analyseren,0.870374755832,0.548527534328,75,46,0.293333333333
zuiveren,0.868835499598,0.596980913585,62,38,0.258064516129
verbranden,0.867846206181,0.34131501162,204,125,0.230392156863
helpen,0.866951802757,0.155973852079,426,261,0.0657276995305
verkrijgen,0.866142437487,0.028281258038,992,608,0.301411290323
schilderen,0.865998360792,0.20224380272,356,218,0.455056179775
tentoonstellen,0.864482003989,0.240093028984,286,175,0.157342657343
verkopen,0.861908649382,0.000544978301625,2327,1426,0.160721959605
reageren,0.860089221494,0.519937967925,95,58,0.0421052631579
lossen,0.859646492022,0.551757572967,77,47,0.220779220779
bezigen,0.858902783224,0.587361450289,59,36,0.0169491525424
terugdringen,0.858902783224,0.587361450289,59,36,0.220338983051
verdienen,0.851867696579,0.132082430147,378,230,0.156084656085
genereren,0.850284812478,0.352466773785,153,93,0.111111111111
verhandelen,0.847669086516,0.263074978435,196,119,0.030612244898
suggereren,0.846938729204,0.339952424776,145,88,0.213793103448
bezoeken,0.845451859676,0.0469287994874,613,372,0.114192495922
onderbreken,0.845152193704,0.186864510274,277,168,0.223826714801
exporteren,0.844013860166,0.362945440829,132,80,0.0757575757576
melden,0.843827334292,0.264890176492,198,120,0.141414141414
hervatten,0.842678673133,0.535155747665,71,43,0.140845070423
vissen,0.842678673133,0.535155747665,71,43,0.0422535211268
schenden,0.842478343662,0.334692542778,142,86,0.232394366197
vermelden,0.8389871738,0.0121546828158,879,532,0.176336746303
veroorzaken,0.838722636713,0.00120108432427,1458,883,0.133744855967
hernoemen,0.838430233222,0.204854349563,220,133,0.118181818182
splitsen,0.838430233222,0.204854349563,220,133,0.281818181818
beslissen,0.837585735729,0.251395784123,187,113,0.144385026738
uitsluiten,0.837464788309,0.149514270681,278,168,0.489208633094
gevonden,0.83633205177,4.01457729309e-09,4645,2822,0.365984930032
reconstrueren,0.836196440068,0.566240299284,53,32,0.452830188679
voorspellen,0.834039873913,0.247475868442,184,111,0.277173913043
verplaatsen,0.833822072782,0.0354135630112,570,344,0.247368421053
verdringen,0.832683969283,0.291506309246,141,85,0.198581560284
vluchten,0.831989211661,0.0505080618979,481,290,0.995841995842
achten,0.831904020624,0.0225035185009,660,398,0.0106060606061
kweken,0.831901633327,0.184504204527,224,135,0.160714285714
verbeteren,0.830135598632,0.094328730768,352,212,0.355113636364
beweren,0.830011311417,0.0863344938665,357,215,0.0420168067227
beklimmen,0.829683445199,0.35528456602,103,62,0.21359223301
belagen,0.823111040187,0.500176819131,60,36,0.0666666666667
observeren,0.823111040187,0.500176819131,60,36,0.233333333333
restaureren,0.822543355783,0.123259098202,265,159,0.4
verdrijven,0.820521118738,0.0304908194147,517,310,0.36170212766
bekritiseren,0.817116237353,0.288654141003,117,70,0.0683760683761
classificeren,0.816870576589,0.323125783693,112,67,0.258928571429
ontsnappen,0.814580841542,0.116588325481,256,153,1.0
afstuderen,0.812713799725,0.0906701155851,278,166,0.985611510791
bereiken,0.811259303828,8.81780083197e-07,2348,1405,0.295996592845
reflecteren,0.811189632666,0.488905214807,57,34,0.0701754385965
verdubbelen,0.811189632666,0.488905214807,57,34,0.280701754386
leren,0.810235627297,0.020147821191,528,315,0.0871212121212
opperen,0.810067134054,0.470314185947,52,31,0.346153846154
bestrijden,0.809782872909,0.209227085886,156,93,0.128205128205
compenseren,0.803487952525,0.379949364608,69,41,0.0579710144928
bewaken,0.800533486687,0.141448516637,182,108,0.0274725274725
verbreken,0.800319735826,0.0631995844836,305,181,0.304918032787
vouwen,0.800248655267,0.415564521056,59,35,0.423728813559
testen,0.798297642771,0.0560447885898,307,182,0.260586319218
pleiten,0.798183509011,0.476978534602,54,32,0.0185185185185
schrijven,0.796790090604,5.23375280798e-12,3927,2338,0.399796282149
spellen,0.795570560655,0.290886675924,98,58,0.122448979592
verminderen,0.794981716055,0.147930378006,169,100,0.396449704142
gebeuren,0.794217768967,9.0955029729e-06,1576,934,1.0
springen,0.794140051106,0.279527342269,93,55,0.666666666667
wijzen,0.793773652973,0.241996542086,115,68,0.104347826087
vernieuwen,0.792430874294,0.202641134327,132,78,0.25
selecteren,0.791454162384,0.0421564255762,325,192,0.323076923077
exploiteren,0.787586451969,0.11117196896,190,112,0.0157894736842
eten,0.786684304727,0.00451076731853,592,349,0.0371621621622
bewijzen,0.786434927194,0.0200997219209,392,231,0.311224489796
opereren,0.785952493049,0.271213523127,90,53,0.355555555556
evacueren,0.785952493049,0.271213523127,90,53,0.5
verlengen,0.78499150813,0.0119180092288,450,265,0.164444444444
twijfelen,0.783892459171,0.314037928744,68,40,0
meten,0.783499407229,0.01797453409,396,233,0.265151515152
vergezellen,0.781485054678,0.293386527065,80,47,0.0625
groeien,0.781263876566,0.0499582035475,274,161,0.978102189781
ontslaan,0.780574199636,0.00118287450123,718,422,0.286908077994
vertellen,0.780043103783,0.00125213425183,708,416,0.0607344632768
componeren,0.778021501824,0.0174677027745,375,220,0.397333333333
draaien,0.777055640087,0.00823552108218,457,268,0.210065645514
betalen,0.776151046201,0.000408964760475,827,485,0.187424425635
vechten,0.77533994693,0.0228023955045,338,198,0.0887573964497
afkorten,0.773242023797,0.38936632028,53,31,0.0566037735849
hanteren,0.77099244798,0.00966212535993,426,249,0.0328638497653
hechten,0.770174853172,0.16070470292,125,73,0.288
realiseren,0.769635513275,0.00708311603215,440,257,0.309090909091
treffen,0.76946858344,0.000250107386616,818,478,0.243276283619
bewegen,0.768077706235,0.153448661433,120,70,0.0833333333333
vernielen,0.767763313609,0.0500286844511,240,140,0.225
regeren,0.765248687866,0.0147440668979,357,208,0.03081232493
verkondigen,0.764296877119,0.306943373333,67,39,0.089552238806
achtervolgen,0.763769190092,0.155457002442,122,71,0.0327868852459
herstellen,0.762514280117,0.000398037708964,725,422,0.468965517241
aanvaarden,0.762076025108,0.0250284338139,282,164,0.145390070922
betekenen,0.762069851053,0.21635633499,86,50,0.046511627907
berekenen,0.761062720304,0.0403902257523,234,136,0.320512820513
bepalen,0.76019713789,1.26317524068e-05,1066,620,0.245778611632
construeren,0.759706713784,0.194383810072,93,54,0.47311827957
ontdoen,0.758496396635,0.24518914513,81,47,0.333333333333
registreren,0.758136149179,0.0268412608086,274,159,0.485401459854
bestellen,0.757131940551,0.0769681382377,169,98,0.301775147929
omsluiten,0.755918641382,0.157691349691,107,62,0.233644859813
voorbehouden,0.755420640943,0.0992060605032,145,84,0.924137931034
ontginnen,0.753146930542,0.111307479575,140,81,0.271428571429
volbrengen,0.752812360083,0.177994344403,102,59,0.333333333333
kronen,0.752750336588,0.0275336319357,261,151,0.153256704981
onderwerpen,0.751785315564,0.0152184289785,313,181,0.479233226837
overwinnen,0.75071268973,0.105367914601,135,78,0.311111111111
behandelen,0.749997930057,3.24171623822e-05,870,503,0.149425287356
aanbidden,0.749401676179,0.168031034165,97,56,0.020618556701
verwijderen,0.748510682854,8.08351328927e-06,990,572,0.455555555556
vieren,0.748408421863,0.00123186020051,530,306,0.022641509434
identificeren,0.746803463213,0.0350560663941,222,128,0.36036036036
verschuiven,0.74372808872,0.154640332473,106,61,0.716981132075
verschansen,0.743418945853,0.221777923036,73,42,0.027397260274
begraven,0.742909925594,7.5167243119e-06,955,550,0.348691099476
erkennen,0.741135079086,1.31104416631e-06,1100,633,0.209090909091
verliezen,0.740359349426,4.57855908371e-10,1801,1037,0.164353137146
beschuldigen,0.740065949246,0.000687557187756,536,308,0.14552238806
bekrachtigen,0.740054503654,0.145250376723,101,58,0.237623762376
ondervragen,0.738683658859,0.283887635225,61,35,0.114754098361
scheppen,0.738219136031,0.0226188243658,244,140,0.377049180328
mislukken,0.736165722241,0.0497412253215,178,102,0.994382022472
vergeven,0.736021169283,0.1366389876,96,55,0.270833333333
produceren,0.735624497957,4.10352741236e-12,2134,1226,0.149484536082
volgen,0.734815511446,3.66533787472e-06,949,544,0.18124341412
rangschikken,0.734090732873,0.0565241509437,159,91,0.754716981132
behouden,0.733247802766,0.0268863828102,215,123,0.26511627907
versnellen,0.731625624799,0.21168177764,70,40,0.142857142857
promoveren,0.731184808036,0.0161370758099,245,140,0.632653061224
vliegen,0.731167170319,0.0147515275893,252,144,0.178571428571
zoeken,0.728855438131,0.00041321453581,522,298,0.0900383141762
zweren,0.718493252543,0.111647244083,97,55,0.0309278350515
verpakken,0.715762035892,0.250836358065,53,30,0.528301886792
afschermen,0.715762035892,0.250836358065,53,30,0.433962264151
absorberen,0.714241028117,0.0718388475114,122,69,0.0573770491803
kruisen,0.711814086251,0.139851253094,85,48,0.0941176470588
koken,0.709259973732,0.105774026923,94,53,0.234042553191
illustreren,0.705509598778,0.190802237386,64,36,0.125
verlagen,0.704024759709,0.0489373630138,137,77,0.248175182482
diskwalificeren,0.703705314315,0.0824652622675,105,59,0.133333333333
zingen,0.702693111487,8.16701434498e-06,669,376,0.0538116591928
mishandelen,0.702252012789,0.0630889241442,114,64,0.201754385965
huisvesten,0.701132959269,0.00383985649225,278,156,0.776978417266
schorsen,0.699343401543,0.0197865996809,182,102,0.351648351648
verbannen,0.697879099549,0.000470836942866,391,219,0.337595907928
bezetten,0.695560727038,3.97302184007e-06,672,376,0.373511904762
interpreteren,0.694289913362,0.0300510619014,145,81,0.172413793103
gespecialiseerd,0.694237770683,0.00270032437755,281,157,0.889679715302
ondersteunen,0.693841631599,0.000389198704995,392,219,0.0229591836735
vervallen,0.693078661071,0.0918480181194,86,48,1.0
presteren,0.690999532064,0.180019096906,61,34,0.0327868852459
experimenteren,0.690999532064,0.180019096906,61,34,0.0819672131148
gezegd,0.690060372781,3.10643294496e-07,789,440,0.0760456273764
belemmeren,0.689794907634,0.1009465719,79,44,0.0506329113924
beheersen,0.687374679483,0.0149027071157,178,99,0.0730337078652
voorzien,0.686928792339,6.01995898176e-14,1658,924,0.63148371532
regisseren,0.68546167607,0.00365657559184,252,140,0.190476190476
bedrijven,0.683705953322,0.0230015722772,155,86,0.0903225806452
plunderen,0.682413532675,0.0102884972623,193,107,0.181347150259
respecteren,0.681730261517,0.113713112555,74,41,0.027027027027
dreigen,0.681178266073,0.152964135733,65,36,0
gespannen,0.680694754128,0.0366528887293,121,67,0.578512396694
weigeren,0.679424386336,0.000229437487613,374,207,0.104278074866
filmen,0.678059842983,0.0165980067278,161,89,0.267080745342
sluiten,0.674865455333,2.91174276545e-14,1552,858,0.349226804124
beheren,0.674384615019,0.000202093597216,368,203,0.0054347826087
missen,0.672460822696,0.0256610798103,138,76,0.0289855072464
interneren,0.670677533916,0.137412542399,60,33,0.316666666667
stimuleren,0.670536648959,0.0352566912317,120,66,0
beginnen,0.670418179054,8.21795841777e-17,1799,992,0.859922178988
ontlenen,0.670160830624,0.00111421640498,280,154,0.667857142857
vragen,0.669617241693,2.06932239025e-11,1157,637,0.104580812446
verdrinken,0.669338495277,0.037176557286,111,61,0.873873873874
falen,0.666172816018,0.0303271773259,124,68,0.00806451612903
verstaan,0.664203389909,0.0677458709786,84,46,0.142857142857
kopiëren,0.664105527025,0.025080251718,126,69,0.31746031746
modelleren,0.663072172805,0.15092354214,53,29,0.735849056604
specificeren,0.663072172805,0.15092354214,53,29,0.301886792453
markeren,0.661236689533,0.0704946783571,86,47,0.453488372093
besturen,0.661110885738,3.55001197775e-06,523,286,0.0152963671128
casten,0.659860228578,0.0136154025972,152,83,0.230263157895
brouwen,0.659607941353,0.00693264080035,174,95,0.051724137931
herkend,0.65930984051,0.0035382333787,207,113,0.0869565217391
regelen,0.658946471009,4.56156405365e-05,392,214,0.30612244898
verwijten,0.658494469818,0.123029592237,55,30,0.0545454545455
reserveren,0.652652158241,0.0199815633897,127,69,0.771653543307
loven,0.652502152444,0.0626088845877,81,44,0
steunen,0.65204455916,1.08432109778e-06,541,294,0.0166358595194
dumpen,0.648478061692,0.0836344580285,72,39,0.180555555556
sparen,0.648423214864,0.0419719957906,96,52,0.125
fokken,0.647395901836,0.0271866534438,109,59,0.229357798165
stelen,0.647015268251,6.33497935826e-08,637,345,0.290423861852
tolereren,0.646721522177,0.107311647357,61,33,0.016393442623
gefinancierd,0.643331490178,0.00105213088649,226,122,0.141592920354
slapen,0.642767800395,0.0556349562325,76,41,0.0131578947368
verwonden,0.640120863267,0.037053284652,91,49,0.241758241758
degraderen,0.640003246994,0.00858229538364,143,77,0.734265734266
schatten,0.639973840094,0.00570758421944,156,84,0.121794871795
sneuvelen,0.638968562153,0.000541460836099,249,134,1.0
integreren,0.638954191612,0.000812074202664,236,127,0.550847457627
citeren,0.637989572509,0.0387307004114,93,50,0.0752688172043
verzorgen,0.637495555381,0.000313159154699,266,143,0.0601503759398
accepteren,0.636531416267,6.92305438313e-05,322,173,0.139751552795
gevoelen,0.636424530586,0.0205499306699,108,58,0.0185185185185
claimen,0.635954977064,0.0315116677025,95,51,0.0631578947368
besluiten,0.635683014164,6.62776764898e-12,947,509,0.10348468849
vermommen,0.63445454089,0.0599039318707,69,37,0.405797101449
contracteren,0.633101823681,0.0398245579976,84,45,0.202380952381
snijden,0.632976285852,0.00785744515175,140,75,0.364285714286
vertalen,0.632023517089,1.54597255397e-08,629,337,0.348171701113
gedenken,0.631440179576,1.34362987676e-08,633,339,0.0331753554502
bewaren,0.627266740024,4.16197982707e-11,822,439,0.194647201946
verkorten,0.627125319255,0.0789942669408,60,32,0.2
lenen,0.627025225252,0.018708327356,105,56,0.161904761905
breken,0.625530791915,4.20404421968e-06,394,210,0.375634517766
repareren,0.622845782764,0.0447243904461,79,42,0.518987341772
voltooien,0.622527451427,6.40353939615e-15,1110,591,0.474774774775
voorafgaan,0.621890224218,0.0666263589049,64,34,0.171875
redden,0.621212581315,7.80869529824e-09,604,321,0.198675496689
herkiezen,0.619745432981,0.0111468328956,115,61,0.182608695652
stoppen,0.618312226903,1.84468475553e-09,643,341,0.622083981337
belegeren,0.61551459547,0.00108096390503,191,101,0.0523560209424
huren,0.614822818349,0.00808922913153,123,65,0.170731707317
ontzet,0.614597619559,0.0846072182982,53,28,0.396226415094
verstrijken,0.614481639032,0.0144398554061,106,56,1.0
verspreid,0.613061690433,8.96093776655e-11,725,383,0.266206896552
stemmen,0.612871573881,0.000125084876891,252,133,0.246031746032
tellen,0.612646981421,0.00233130884189,163,86,0.325153374233
adopteren,0.611820549299,0.001902559231,165,87,0.381818181818
verstoppen,0.610815718163,0.000932932391836,186,98,0.39247311828
vestigen,0.610436303761,3.68653384288e-41,3055,1617,0.737806873977
stranden,0.609710987607,0.0711425769761,57,30,1.0
afvaardigen,0.609669677932,0.0406333106858,76,40,0.144736842105
bewerken,0.608772290964,6.87999583914e-05,268,141,0.373134328358
spelen,0.60768452339,9.97637200544e-68,5038,2670,0.202659785629
bekomen,0.605497272274,0.0600137860486,61,32,0.327868852459
verstoten,0.603600701046,0.0481939816995,63,33,0.380952380952
sterven,0.603390297457,5.92564864833e-15,978,513,1.0
jagen,0.602429958154,0.0111224498707,107,56,0.11214953271
bekijken,0.599730803633,3.95711814152e-05,268,140,0.287313432836
dempen,0.599428624538,0.00766913459856,113,59,0.300884955752
herhalen,0.597776487207,2.39802487461e-05,278,145,0.0575539568345
waarschuwen,0.593638969395,0.00161355640859,152,79,0.210526315789
verkrachten,0.593638969395,0.00161355640859,152,79,0.263157894737
bezeten,0.593189144572,0.0234594880057,77,40,0.454545454545
controleren,0.59049824814,1.83790297169e-05,270,140,0.144444444444
dekken,0.589270151307,0.00556166754386,112,58,0.383928571429
proberen,0.588516094605,7.40397467784e-08,421,218,0.0855106888361
telen,0.587748952889,0.00167987841036,145,75,0.048275862069
definiëren,0.586544932855,1.03912107849e-08,470,243,0.621276595745
prijzen,0.583992357989,0.00294585978723,128,66,0.03125
kijken,0.580551158335,8.02435813285e-06,280,144,0.0785714285714
belichten,0.579111632069,0.00519722153262,111,57,0.0900900900901
runnen,0.577576007704,0.0174796537541,78,40,0
verwijzen,0.577392879896,7.77396019726e-06,271,139,0.029520295203
bakken,0.573907595451,0.00146378529828,133,68,0.187969924812
kappen,0.573612941246,0.0107920349369,90,46,0.3
betwisten,0.567871205263,0.00252828408125,116,59,0.0862068965517
vergiftigen,0.567638139251,0.000252545715729,175,89,0.474285714286
situeren,0.567632976191,1.8865924465e-05,232,118,0.866379310345
noteren,0.563177431737,0.000471815215176,152,77,0.335526315789
drinken,0.56244147556,1.21298943721e-05,237,120,0.0379746835443
omsingelen,0.561144364722,0.00750567424333,89,45,0.438202247191
beslechten,0.56033618054,0.00514722990869,95,48,0.147368421053
ontbinden,0.557603603315,6.74823026054e-08,351,177,0.19943019943
wijden,0.55748803444,6.48932639537e-19,945,477,0.756613756614
verhitten,0.55716641157,0.00117910287552,129,65,0.062015503876
gebruiken,0.554098016699,1.1618619364e-313,17406,9032,0.0613581523613
vormen,0.553845985188,3.9640074263e-55,2866,1447,0.181437543615
bepaald,0.548747606365,0.0411389386357,52,26,0.134615384615
vellen,0.548743613518,0.0320131878396,54,27,0.444444444444
gijzelen,0.548727641907,0.0231098508101,62,31,0.177419354839
stoken,0.548727641907,0.0231098508101,62,31,0.0483870967742
flankeren,0.548715662969,0.0154669714633,68,34,0.0294117647059
remmen,0.548715662969,0.0154669714633,68,34,0.0735294117647
drogen,0.548711669945,0.01240891903,70,35,0.385714285714
bijten,0.548695697632,0.00891951309855,78,39,0.24358974359
uitputten,0.54865576531,0.00408556072474,98,49,0.795918367347
bellen,0.548611837218,0.00111314648396,120,60,0.141666666667
verdwijnen,0.545447503616,9.31879177476e-27,1273,636,0.999214454046
verstoren,0.542811020659,3.02259558013e-05,193,96,0.170984455959
vernoemen,0.541708970072,7.21641174749e-24,1103,549,0.757932910245
vervolgen,0.540077278531,8.19302699553e-07,264,131,0.0833333333333
dopen,0.53937706091,2.11347584886e-06,242,120,0.309917355372
verwisselen,0.539000058796,0.00111110445588,113,56,0.265486725664
beïnvloeden,0.538267845366,2.81805509739e-19,857,425,0.365227537923
uitverkopen,0.53648024741,0.00376011979164,89,44,0.921348314607
begeleiden,0.533844479827,3.27274162218e-06,223,110,0.00896860986547
belonen,0.531186393168,0.000475879187257,124,61,0.0645161290323
nomineren,0.530159375195,1.02991338209e-10,423,208,0.243498817967
verteren,0.52914297427,0.0231144605759,55,27,0.2
geboren,0.527443714828,8.66336428441e-65,2882,1420,0.484038861901
verfilmen,0.524383413165,2.00098473724e-05,178,87,0.280898876404
manipuleren,0.524288701119,0.00254667094979,88,43,0.352272727273
onderscheiden,0.524233570447,6.69854202445e-15,595,291,0.519327731092
vermengen,0.522883983185,0.000343193096665,125,61,0.304
waarborgen,0.519823112343,0.00507528871575,74,36,0.432432432432
sponsoren,0.518709956281,0.000783924381918,107,52,0.0280373831776
delen,0.517759147996,7.97625905539e-09,315,153,0.0888888888889
bedreigen,0.517492088049,3.05120928002e-12,455,221,0.114285714286
betrappen,0.517187559261,1.60803286461e-09,344,167,0.31976744186
verdeeld,0.515518606601,1.60099371458e-27,1092,530,0.498168498168
liegen,0.514837031971,0.000247796160599,126,61,0.0952380952381
ordenen,0.514430748913,0.0110055847034,62,30,0.725806451613
verwachten,0.513641282105,1.20554328706e-19,756,366,0.169312169312
misbruiken,0.513382945056,5.45238138283e-05,151,73,0.205298013245
strijden,0.513204881319,1.63548002363e-06,211,102,0.0710900473934
karakteriseren,0.510403209552,0.00263207970956,83,40,0.0722891566265
kennen,0.507739928471,2.57441365285e-17,636,306,0.245283018868
vermijden,0.507237607744,0.000826812399695,102,49,0.0980392156863
versieren,0.506164303814,9.31326303748e-08,250,120,0.768
fuseren,0.504764200262,0.000876623749031,96,46,0.96875
domineren,0.504607760986,3.5152792247e-08,265,127,0.011320754717
verbergen,0.503317767338,4.66227266679e-08,257,123,0.560311284047
verwarmen,0.50289987664,0.000273831281269,115,55,0.0869565217391
vorderen,0.501330686445,0.000316772907495,111,53,0.72972972973
bundelen,0.501330686445,0.000316772907495,111,53,0.351351351351
bevruchten,0.500302971304,0.00608159077551,65,31,0.292307692308
verbreden,0.500302971304,0.00608159077551,65,31,0.307692307692
coveren,0.500302971304,0.00608159077551,65,31,0.184615384615
blokkeren,0.497059308123,2.83163330787e-06,183,87,0.27868852459
beogen,0.495628331204,0.00905729105133,59,28,0.135593220339
teisteren,0.495519885849,0.00015453588371,118,56,0.0593220338983
beledigen,0.493861823624,0.00825048680305,57,27,0.140350877193
plannen,0.4889943967,8.85795544945e-11,333,157,0.642642642643
naderen,0.487775411669,0.0121449182236,51,24,0.921568627451
activeren,0.486054423901,1.49127482148e-05,149,70,0.214765100671
overstromen,0.486006163792,0.00425295111877,66,31,0.272727272727
laden,0.484976843357,1.4958555268e-06,179,84,0.335195530726
programmeren,0.484165261328,0.00389015393655,64,30,0.421875
bespelen,0.483227407237,5.73790302748e-06,158,74,0.0759493670886
verdedigen,0.482201190344,3.53496670221e-09,265,124,0.2
verzinnen,0.481849483796,2.49920076296e-05,139,65,0.482014388489
onthouden,0.48013753845,0.00638572878055,60,28,0.483333333333
smelten,0.480110673949,0.00158951965079,75,35,0.653333333333
verslag,0.478509820479,5.66634228129e-20,624,291,0.217948717949
berijden,0.476507754555,0.00184231420559,71,33,0.140845070423
evolueren,0.476185477589,0.000302491502841,99,46,1.0
verraden,0.475719168668,5.84883160016e-07,183,85,0.229508196721
versterken,0.472478760001,4.50158454325e-13,378,175,0.169312169312
waarderen,0.46940864047,1.2058171892e-08,232,107,0.0344827586207
toewijden,0.468398308778,0.00108339881227,76,35,0.802631578947
elektrificeren,0.46558558162,0.0030431278346,61,28,0.55737704918
organiseren,0.462582285441,1.2745566421e-108,3355,1545,0.0655737704918
vrijstellen,0.462069171244,0.00157763006243,70,32,0.628571428571
combineren,0.46203274522,7.36598069315e-13,352,161,0.198863636364
schakelen,0.460228390192,0.00350815080034,57,26,0.385964912281
kruisigen,0.460228390192,0.00350815080034,57,26,0.385964912281
dansen,0.459087626532,0.00024347143618,90,41,0.0555555555556
martelen,0.458865039606,0.000101561770927,101,46,0.257425742574
vergissen,0.45728153559,0.00440214492234,55,25,0.0363636363636
associëren,0.456391267241,1.27058179806e-20,572,260,0.195804195804
inburgeren,0.454131174248,0.00575265808764,53,24,1.0
bieden,0.45384453031,1.17960415447e-15,415,188,0.113253012048
vergelijken,0.448775622621,9.81728699656e-19,493,222,0.442190669371
verbruiken,0.447630522577,0.000951205245909,69,31,0.260869565217
verhuren,0.446506322062,1.17591108834e-08,205,92,0.160975609756
verenigen,0.446221196288,4.21781744158e-19,499,224,0.390781563126
handhaven,0.444582307504,3.69621072318e-05,105,47,0.266666666667
veronderstellen,0.44241056412,3.03469892688e-09,215,96,0.0744186046512
betrekken,0.440879685154,8.00033655142e-28,724,323,0.657458563536
bekroond,0.440346934106,3.86828837993e-10,238,106,0.117647058824
overspoelen,0.438976289131,0.00136531918523,63,28,0.174603174603
voorbestemmen,0.438946331585,0.000263787519394,81,36,0.913580246914
lezen,0.437457560242,1.03410109766e-20,518,230,0.283783783784
omgeven,0.436213735359,2.46804217716e-14,343,152,0.539358600583
vervalsen,0.435751693149,0.00122894118798,61,27,0.573770491803
bevolken,0.428343126236,2.04008975458e-06,130,57,0.215384615385
verwaarlozen,0.423923209322,4.12094708533e-06,117,51,0.418803418803
kraken,0.418753029175,0.000466652291956,67,29,0.34328358209
baseren,0.41599706944,2.52938084785e-101,2411,1045,0.950642886769
confronteren,0.415339375299,7.63896865894e-16,341,147,0.0263929618768
positioneren,0.415243676911,0.000615437451021,65,28,0.661538461538
pakken,0.413718324207,6.30403641561e-06,107,46,0.177570093458
stationeren,0.411163415997,1.85707823557e-14,301,129,0.827242524917
scheiden,0.410441747004,2.49785171708e-46,1047,449,0.500477554919
herinneren,0.405548043134,8.73589201374e-05,80,34,0.0125
gelijkstellen,0.400414451644,0.000333682448396,64,27,0.21875
specialiseren,0.398474413799,3.04334202744e-96,2080,879,0.878365384615
concentreren,0.398195538305,2.32683914712e-06,107,45,0.616822429907
bedienen,0.397882383943,3.33808848722e-17,340,143,0.0911764705882
leven,0.39701408186,1.92024845845e-24,495,208,0.010101010101
subsidiëren,0.394403154207,0.000623569873015,55,23,0.0363636363636
genezen,0.394311640404,2.97051500151e-11,208,87,0.783653846154
verzekeren,0.393843173726,9.58676332866e-08,134,56,0.582089552239
liggen,0.39260176791,6.19278489074e-123,2589,1086,0.860563924295
lokaliseren,0.391945775875,0.000361127871202,60,25,0.8
vermoeden,0.39095896166,4.09160091239e-09,161,67,0.0248447204969
koppelen,0.387235400033,1.42256206416e-27,536,222,0.634328358209
overdreven,0.382449625913,0.000389333883357,56,23,0.428571428571
reduceren,0.379290262997,1.85375488177e-09,159,65,0.358490566038
trainen,0.371079959585,4.58614396775e-16,275,111,0.36
spreken,0.369345517316,2.45125775433e-165,3090,1252,0.0116504854369
beschadigen,0.366224792147,2.38910860102e-31,549,220,0.508196721311
bestraffen,0.365822209016,0.000320066507109,55,22,0.0909090909091
implementeren,0.358319592495,6.32593393693e-06,81,32,0.432098765432
lukken,0.357394486012,1.44732237937e-18,299,118,1.0
gevangennemen,0.356614318298,5.85705008842e-15,236,93,0.275423728814
begrenzen,0.355367665633,2.6300087341e-13,206,81,0.21359223301
verwikkelen,0.351972738856,1.5251447006e-06,87,34,0.988505747126
bevallen,0.34916992698,1.07043472669e-05,72,28,1.0
herenigen,0.349095551585,5.90514590093e-09,126,49,0.206349206349
mengen,0.342838127863,3.43825706851e-10,143,55,0.335664335664
verankeren,0.341408883337,6.49205428794e-06,73,28,0.739726027397
beschilderen,0.341096879385,3.80475614083e-05,60,23,0.633333333333
verhinderen,0.338328247852,1.717176038e-07,97,37,0.371134020619
slagen,0.337740540388,1.25081531368e-26,396,151,1.0
streven,0.337670352406,2.8266958744e-05,63,24,0.031746031746
infecteren,0.333112045003,3.54818143135e-07,90,34,0.644444444444
betreuren,0.332567149471,7.77672128634e-05,53,20,0.584905660377
inspireren,0.332261314106,2.07469900948e-33,490,185,0.736734693878
bemoeilijken,0.332118980468,2.24078234583e-05,61,23,0.0491803278689
nummeren,0.323786887321,4.93825236694e-08,97,36,0.587628865979
coderen,0.323601486623,1.32283526323e-05,62,23,0.387096774194
vergeten,0.322777508338,6.43483774439e-23,313,116,0.776357827476
vertragen,0.321622197024,8.19796113053e-08,92,34,0.326086956522
documenteren,0.321195406877,6.50585366087e-06,65,24,0.661538461538
omringen,0.317546002609,6.48982589026e-22,289,106,0.39446366782
vertegenwoordigen,0.316758746726,2.01571198692e-36,494,181,0.647773279352
kenmerken,0.313122338818,9.62968497102e-51,687,250,0.0262008733624
garanderen,0.311991722714,4.2720608935e-07,80,29,0.4
straffen,0.311534400463,9.24280958029e-11,127,46,0.157480314961
voeden,0.310722105273,1.44867322833e-18,235,85,0.0297872340426
richten,0.310292056083,6.71518038652e-103,1396,506,0.906160458453
trachten,0.310085696619,2.05855685815e-09,108,39,0.0740740740741
plagen,0.309245634558,9.44025742785e-08,86,31,0.0116279069767
bedriegen,0.308573683776,1.07718610584e-10,125,45,0.16
bedekken,0.308548693789,6.77051282309e-38,494,178,0.698380566802
verspelen,0.305990347499,1.57176781622e-07,81,29,0.0493827160494
bemannen,0.301792730034,3.63910307283e-06,62,22,0.306451612903
begrijpen,0.301711204951,1.45082947341e-21,262,93,0.282442748092
vullen,0.297210204379,8.90995370782e-40,489,172,0.638036809816
downloaden,0.29716098823,4.03044198085e-10,111,39,0.621621621622
vrezen,0.295950630009,9.66587258232e-11,117,41,0.136752136752
refereren,0.295439624839,1.08121967184e-07,80,28,0
ontsluiten,0.294430455447,2.06381393279e-06,63,22,0.555555555556
vervuilen,0.28880107386,5.64029032732e-06,58,20,0.620689655172
munten,0.284128194929,1.73414669688e-08,85,29,0.0235294117647
hinderen,0.281326744059,1.42462490039e-11,118,40,0.0423728813559
legeren,0.281055616829,1.23805707804e-31,354,120,0.878531073446
beschermen,0.27838024499,3.46637242088e-48,543,183,0.366482504604
verbond,0.276926039938,3.03273364741e-240,2773,937,0.847097006852
bewonen,0.275709676547,2.74296505008e-68,767,257,0.308996088657
optimaliseren,0.274365012986,4.81750128269e-06,54,18,0.740740740741
bewapenen,0.267325386732,1.25432467149e-06,58,19,0.810344827586
groeperen,0.26668535307,3.56716975242e-11,107,35,0.831775700935
bevriezen,0.265472705875,5.35039166477e-10,92,30,0.804347826087
verdenken,0.260889736382,1.88062719742e-42,434,140,0.0506912442396
linken,0.259922142703,9.247782978e-07,56,18,0.446428571429
verwarren,0.259862031335,5.45765995648e-12,112,36,0.196428571429
kleden,0.255213155367,1.84622309212e-07,63,20,0.857142857143
dirigeren,0.252118507483,1.02760269036e-06,54,17,0.037037037037
mixen,0.252118507483,1.02760269036e-06,54,17,0.462962962963
belasten,0.251342624381,1.40717743755e-52,515,162,0.557281553398
pesten,0.250108839851,2.31043094772e-11,99,31,0.0808080808081
opgewassen,0.248456968127,2.91885125939e-09,77,24,1.0
dateren,0.247064833929,7.36153925191e-18,161,50,0.465838509317
bedoeld,0.245811163479,1.10772626123e-218,2143,667,0.694353709753
verboden,0.244962922169,6.51155435158e-97,934,289,0.44539614561
herleiden,0.238532318609,4.92254194108e-12,99,30,0.656565656566
binden,0.23720476729,1.06949115527e-58,536,162,0.80223880597
buigen,0.234071612126,5.81127442667e-13,107,32,0.710280373832
dwingen,0.233023945924,1.97115723134e-86,780,233,0.261538461538
vervormen,0.231675031999,1.97497833705e-08,64,19,0.359375
vermissen,0.230581763273,2.90022111359e-12,98,29,0.397959183673
verzwakken,0.230380136911,2.74031013209e-17,142,42,0.711267605634
verlichten,0.229159140341,8.23043217785e-14,112,33,0.410714285714
horen,0.227453523463,9.6949866805e-156,1380,406,0.626086956522
isoleren,0.212697092528,4.15972649022e-18,136,38,0.544117647059
oriënteren,0.20977107855,3.90086094654e-13,94,26,0.957446808511
verweven,0.209493719484,1.06837834291e-10,76,21,0.842105263158
trouwen,0.205854899735,7.17646514802e-168,1329,364,0.987208427389
beoefenen,0.204691823313,4.12800949886e-182,1433,391,0.00209351011863
bestemmen,0.194672070698,3.21308342682e-72,530,139,0.907547169811
lijden,0.186606419229,1.77673859743e-28,193,49,0.0259067357513
wijten,0.18537992666,1.78801667781e-40,277,70,0.649819494585
huwen,0.184127368429,2.77296813313e-49,338,85,0.94674556213
bewonderen,0.18063404716,3.16524390976e-17,109,27,0.669724770642
beluisteren,0.178456838334,1.54974127416e-17,110,27,0.772727272727
begroeien,0.17833569937,5.81288602508e-09,53,13,0.962264150943
vereisen,0.177436279819,1.11678807727e-41,274,67,0.850364963504
pogen,0.17599314039,9.30844473525e-12,70,17,0.0285714285714
achterhalen,0.175255135496,1.25357883033e-15,95,23,0.736842105263
besmetten,0.167277161241,3.83496118357e-37,231,54,0.744588744589
bescheren,0.162120111639,1.61409485145e-10,57,13,1.0
merken,0.158275883962,2.32223172407e-12,67,15,0.626865671642
storen,0.153635013041,4.31906686514e-12,64,14,0.203125
vergroeien,0.152100338618,5.13589864231e-27,152,33,1.0
overdekken,0.148915279938,1.05435824983e-16,89,19,0.719101123596
liëren,0.142230276299,1.63415243797e-19,102,21,0.990196078431
geïnteresseerd,0.134584207944,1.04585251894e-13,66,13,1.0
relateren,0.125306061804,8.33895139637e-52,258,48,0.903100775194
moeien,0.118346508569,4.87987076021e-14,62,11,1.0
verouderen,0.117565759091,8.22047169356e-19,85,15,1.0
interesseren,0.115277119023,6.35263914993e-55,259,45,0.969111969112
rechtvaardigen,0.114313946664,1.73669712701e-13,58,10,0.758620689655
kleuren,0.112797141102,4.29232297387e-37,170,29,0.829411764706
verlammen,0.111770021254,3.79542540062e-15,65,11,0.692307692308
geschikt,0.104888625528,3.23461886466e-19,81,13,0.555555555556
herkennen,0.101873686499,3.63272458589e-61,268,42,1.0
wensen,0.0991321497432,8.49550082469e-49,209,32,0.775119617225
bezichtigen,0.0920151742314,1.50464745875e-42,174,25,0.98275862069
gewennen,0.0822748382269,5.58455158876e-36,138,18,0.905797101449
overtuigen,0.0681924590794,5.63703706566e-63,226,25,0.79203539823
verschuldigd,0.0637909766316,2.67257330754e-28,96,10,0.989583333333
vinden,0.0624266469393,0.0,2000,206,0.9985
beperkt,0.0620175402741,2.35254821126e-54,187,19,0.593582887701
bezet,0.051633659665,1.61377741611e-29,93,8,0.967741935484
danken,0.0515320097374,2.2364295353e-194,639,55,0.303599374022
zeggen,0.0457204902187,7.00955553325e-26,78,6,0.115384615385
zien,0.0435400653029,0.0,3930,294,0.998218829517
gebruikmaken,0.0426685093327,1.74324358545e-32,97,7,0.0824742268041
verplichten,0.0322204184246,7.45491671554e-144,414,23,0.727053140097
bevriend,0.0299955783696,1.38429413976e-48,135,7,0.814814814815
benodigd,0.0232423971054,1.65605566855e-46,123,5,0.975609756098
noodzaken,0.0226657982749,8.31452932736e-48,126,5,0.84126984127
vertrouwen,0.0223964949128,4.53016448293e-20,51,2,0.980392156863
kampen,0.0209584217061,3.08669461427e-62,163,6,0
bekend,0.0197339698128,0.0,2139,75,0.230481533427
